67 38 71 49 74 46 62 43 0
62 58 67 53 67 53 64 56 0
70 66 75 78 62 91 87 49 0
55 43 53 59 68 52 51 54 0
60 18 56 22 71 13 46 38 0
69 43 71 41 69 43 70 42 0
68 36 66 38 76 36 75 37 0
70 42 70 42 81 31 76 36 0
61 37 58 40 65 33 59 39 0
59 39 62 50 64 56 57 48 0
59 39 62 50 64 56 57 48 0
35 56 57 47 49 55 50 41 0
40 51 57 34 60 38 69 29 0
57 27 59 25 65 26 63 28 0
40 51 57 34 60 38 69 29 0
57 27 59 25 65 26 63 28 0
58 33 58 33 64 27 59 32 0
62 29 66 38 73 39 66 32 0
66 32 66 46 67 45 57 41 0
65 47 64 48 74 46 64 56 0
67 45 68 44 71 49 74 46 0
49 35 57 39 55 41 48 36 0
55 36 71 33 77 35 69 29 0
48 36 43 41 61 30 57 34 0
55 36 68 36 80 32 73 25 0
79 33 83 43 80 46 76 36 0
64 40 68 36 66 46 70 42 0
64 34 59 39 67 31 61 37 0
64 27 60 31 68 23 62 29 0
83 45 75 69 66 78 93 35 0
65 39 71 33 85 27 80 32 0
60 24 57 27 65 26 62 29 0
53 31 54 30 63 28 57 34 0
77 67 65 79 67 86 84 69 0
57 27 52 32 62 28 56 34 0
66 38 71 33 81 31 71 41 0
63 28 72 32 79 33 70 28 0
79 33 81 31 84 28 82 30 0
66 32 66 46 75 37 70 28 0
66 25 67 37 71 33 65 26 0
74 38 71 41 66 46 77 35 0
67 45 70 42 67 45 70 42 0
48 43 52 39 63 35 57 41 0
64 27 56 35 63 28 55 36 0
63 42 73 47 63 65 78 34 0
58 26 55 29 69 22 60 31 0
57 55 64 48 59 61 72 48 0
41 25 48 29 46 38 49 23 0
66 38 69 35 75 37 77 35 0
70 42 70 42 74 38 74 38 0
70 35 66 54 81 39 67 38 0
68 51 75 61 69 75 85 41 0
62 29 64 40 71 41 65 33 0
62 29 58 33 61 30 56 35 0
51 33 50 34 59 32 51 40 0
63 35 69 43 67 53 69 36 0
58 33 52 39 65 33 56 42 0
56 35 60 44 68 44 62 36 0
57 41 63 49 61 59 67 38 0
61 23 59 37 65 39 52 39 0
41 31 45 39 54 37 48 30 0
58 33 52 39 65 33 56 42 0
56 35 60 44 68 44 62 36 0
52 39 57 34 61 30 55 36 0
42 30 45 39 46 45 49 29 0
49 29 40 38 45 33 42 36 0
36 36 42 42 49 42 41 37 0
41 31 40 32 45 33 40 38 0
40 32 46 38 45 46 49 29 0
52 46 47 51 53 52 45 60 0
63 49 77 35 84 36 81 39 0
55 36 67 37 76 36 63 35 0
64 27 61 30 68 23 59 32 0
63 49 77 35 84 36 81 39 0
50 48 58 54 73 47 65 40 0
61 30 60 31 62 29 64 27 0
61 43 70 34 77 27 70 34 0
73 55 80 48 76 60 108 28 0
164 76 176 64 178 74 181 71 0
131 49 149 49 167 42 149 41 0
129 51 148 50 165 44 146 44 0
123 47 135 52 145 53 133 47 0
148 39 148 56 150 66 158 40 0
134 53 133 54 144 54 147 51 0
120 60 127 53 142 38 135 45 0
143 37 152 46 152 46 142 38 0
131 89 145 95 152 88 153 67 0
136 73 143 85 164 76 147 73 0
129 91 134 86 136 84 144 76 0
143 88 149 82 161 70 162 69 0
140 80 163 77 184 68 176 55 0
112 68 108 90 126 83 111 79 0
71 109 124 74 144 65 123 67 0
115 55 144 43 150 37 131 39 0
157 52 172 56 195 45 173 47 0
131 39 140 47 154 44 144 36 0
150 48 155 43 162 36 159 39 0
161 70 163 89 182 82 178 64 0
149 91 168 92 188 85 179 73 0
159 61 157 83 184 56 141 79 0
31 29 58 2 14 46 59 1 1
25 35 68 7 13 62 58 2 1
21 15 48 0 30 22 38 1 1
27 29 65 5 14 61 59 1 1
22 14 47 1 24 24 36 0 1
31 21 65 0 28 42 56 0 1
28 28 53 3 13 43 55 1 1
14 25 46 6 28 28 42 0 1
19 17 44 4 25 27 39 0 1
14 25 46 6 28 28 42 0 1
19 17 44 4 25 27 39 0 1
18 21 47 5 15 41 42 0 1
16 23 50 2 33 19 35 4 1
17 19 44 4 26 26 39 0 1
32 38 63 7 5 65 61 9 1
26 30 65 5 20 55 60 0 1
30 30 67 5 10 68 62 3 1
39 31 57 27 7 77 60 10 1
28 42 60 24 7 77 62 8 1
29 27 50 6 29 27 35 21 1
29 27 50 6 29 27 35 21 1
21 35 63 7 14 56 56 0 1
25 23 47 1 16 36 52 0 1
24 36 59 1 20 40 60 0 1
22 30 54 11 1 69 43 13 1
24 12 48 0 26 26 39 0 1
34 18 51 1 26 26 46 6 1
33 19 41 11 27 29 56 0 1
31 25 55 1 13 43 55 1 1
20 22 51 5 25 31 42 0 1
28 37 57 8 0 70 56 14 1
17 25 49 7 9 47 37 5 1
26 16 42 0 14 28 42 0 1
36 39 48 27 35 45 43 37 1
23 33 52 4 15 45 58 2 1
14 25 45 7 14 42 42 0 1
21 21 51 5 15 45 45 0 1
32 24 55 1 27 29 56 0 1
27 25 64 1 27 43 56 0 1
20 19 50 2 26 26 39 0 1
22 17 51 1 28 28 42 0 1
46 24 50 34 25 65 68 7 1
70 38 36 72 43 65 46 62 1
16 29 50 10 25 35 45 0 1
42 28 54 16 1 69 53 17 1
63 39 38 64 34 74 74 34 1
29 27 55 1 15 45 60 0 1
27 25 51 1 13 39 52 0 1
26 39 57 8 0 70 48 22 1
15 24 33 6 9 30 35 4 1
26 39 57 8 0 70 48 22 1
12 27 32 7 0 42 28 14 1
11 11 29 4 12 24 24 0 1
16 17 32 1 12 24 36 0 1
30 12 55 1 51 5 40 2 1
30 12 55 1 51 5 40 2 1
25 27 52 0 3 49 42 10 1
38 40 74 4 7 71 72 6 1
16 23 47 5 14 42 42 0 1
33 23 53 3 14 42 56 0 1
29 36 59 6 0 65 52 13 1
23 42 58 7 0 65 51 14 1
31 34 61 4 0 65 52 13 1
21 15 48 0 24 24 36 0 1
31 21 59 6 35 35 53 3 1
19 17 46 2 26 26 39 0 1
47 28 74 1 29 46 75 0 1
27 25 61 4 13 52 52 0 1
26 26 61 4 13 52 52 0 1
19 17 47 1 19 33 39 0 1
33 19 52 0 14 42 56 0 1
32 38 73 11 11 73 67 3 1
24 15 50 2 26 26 39 0 1
24 15 51 1 26 26 39 0 1
29 19 48 0 20 32 52 0 1
27 25 50 2 25 27 52 0 1
34 36 75 9 3 81 59 11 1
34 22 56 0 24 32 45 11 1
20 16 47 1 33 19 38 1 1
22 17 51 1 28 24 39 0 1
28 37 73 5 21 57 65 0 1
13 23 42 6 23 29 39 0 1
50 28 44 34 3 81 60 24 1
60 48 107 1 45 69 113 1 1
48 72 136 4 35 112 126 0 1
51 51 101 1 28 74 99 3 1
71 55 119 7 38 88 125 1 1
65 43 103 5 43 65 108 0 1
47 73 114 6 20 106 124 2 1
40 15 66 0 38 34 60 0 1
56 46 98 4 36 72 108 0 1
98 56 167 9 59 117 154 0 1
62 46 118 8 48 78 108 0 1
69 51 117 3 55 71 125 1 1
62 57 119 0 54 72 126 0 1
64 38 109 10 40 86 108 0 1
54 48 100 19 23 96 101 1 1
65 37 99 20 34 92 108 0 1
76 71 133 35 41 135 150 4 1
76 68 139 5 6 146 138 14 1
46 52 88 24 86 26 69 29 2
34 50 63 33 88 16 56 35 2
41 79 79 41 76 44 72 48 2
39 52 72 32 81 31 64 34 2
45 53 73 39 64 48 65 33 2
27 64 64 27 45 46 59 32 2
33 58 65 26 54 44 68 30 2
44 68 74 38 63 49 70 42 2
45 59 71 46 65 61 83 29 2
44 68 74 38 63 49 70 42 2
45 59 71 46 65 61 83 29 2
40 51 86 18 87 17 51 40 2
54 66 88 32 89 31 77 43 2
36 42 67 24 60 31 57 21 2
36 60 67 29 81 23 79 25 2
43 48 72 32 75 37 64 34 2
43 55 79 33 81 39 71 34 2
45 83 87 41 76 52 78 50 2
52 68 67 65 57 75 71 49 2
30 54 55 29 55 36 53 38 2
33 51 57 27 58 33 52 39 2
49 63 60 52 48 72 62 58 2
29 55 53 31 50 41 61 30 2
44 76 93 42 98 46 73 55 2
38 60 64 34 62 36 61 37 2
57 87 83 61 95 49 70 74 2
36 55 55 36 61 30 37 54 2
29 69 69 43 84 36 63 42 2
38 53 77 27 72 32 52 39 2
38 34 63 21 67 17 50 22 2
54 74 82 62 90 63 69 67 2
36 55 74 30 69 35 56 35 2
46 45 78 26 84 28 68 30 2
53 67 80 55 80 64 89 39 2
35 56 62 29 56 35 59 32 2
32 59 72 32 64 48 66 32 2
42 42 58 26 61 30 57 34 2
36 76 77 35 71 41 60 52 2
31 41 51 21 47 25 46 26 2
46 82 76 52 73 55 75 53 2
42 78 73 47 68 52 76 44 2
33 65 76 36 76 44 70 35 2
38 82 78 57 80 64 55 73 2
30 61 58 33 57 34 55 36 2
36 41 57 20 67 17 39 45 2
47 49 69 27 75 29 62 42 2
34 50 64 20 62 29 61 30 2
21 51 50 34 55 29 29 43 2
52 92 108 52 109 61 92 61 2
39 73 81 31 71 41 79 33 2
52 92 108 52 109 61 92 61 2
39 52 54 37 52 46 61 37 2
23 61 79 17 73 31 63 28 2
43 93 85 68 76 86 73 71 2
38 53 81 23 80 24 62 29 2
37 61 71 27 65 33 66 32 2
42 70 76 36 76 44 80 40 2
42 62 80 24 73 31 69 35 2
35 37 55 17 63 15 58 20 2
45 75 84 51 73 62 61 59 2
51 53 79 25 78 34 79 33 2
42 49 71 20 69 22 62 29 2
38 66 80 24 73 39 84 28 2
38 82 82 53 86 58 80 48 2
57 71 98 46 104 49 90 46 2
38 46 67 17 71 20 62 29 2
46 45 84 20 92 20 62 36 2
32 40 65 19 63 28 53 25 2
44 40 70 14 74 17 62 29 2
49 63 76 36 78 42 87 33 2
47 57 59 58 45 81 66 46 2
42 77 75 44 60 59 63 56 2
36 68 72 32 62 50 65 47 2
31 81 84 28 69 43 83 29 2
46 45 68 23 75 23 69 29 2
40 51 73 31 86 26 64 34 2
23 68 65 39 57 55 58 40 2
31 47 51 40 54 44 43 41 2
27 45 45 27 42 36 42 36 2
45 75 68 67 61 74 62 58 2
48 105 76 94 65 105 79 74 2
29 43 52 32 58 33 38 40 2
43 48 60 31 69 29 61 37 2
44 47 59 32 69 29 55 43 2
34 57 62 29 63 28 48 43 2
44 84 91 37 92 36 71 57 2
105 75 163 35 165 44 129 61 2
90 108 159 39 159 50 150 59 2
88 92 138 42 141 39 125 55 2
105 93 155 43 150 48 135 63 2
104 112 157 77 163 71 108 108 2
80 173 187 89 177 99 169 84 2
104 112 141 75 133 95 133 95 2
98 82 155 43 160 38 126 54 2
81 109 144 46 121 69 118 72 2
102 78 151 29 148 32 130 50 2
125 84 176 33 173 36 165 44 2
71 138 135 74 109 111 120 100 2
80 140 162 58 123 97 124 96 2
43 137 131 67 112 86 107 73 2
42 70 83 29 53 67 91 29 3
39 52 68 23 50 48 81 17 3
61 67 89 55 72 81 106 30 3
41 50 68 36 45 67 76 22 3
41 50 68 36 45 67 76 22 3
45 46 79 25 58 54 85 13 3
35 49 66 18 45 46 75 16 3
39 52 75 16 47 44 77 14 3
45 46 79 25 58 54 85 13 3
35 49 66 18 45 46 75 16 3
39 52 75 16 47 44 77 14 3
37 54 68 23 41 57 78 20 3
30 61 74 30 57 55 76 22 3
40 44 82 14 64 40 79 12 3
39 59 80 32 53 67 82 23 3
53 46 64 46 38 82 85 23 3
35 69 76 28 43 69 84 28 3
41 43 73 11 43 41 72 12 3
52 68 77 43 37 83 77 43 3
42 56 74 38 48 72 82 23 3
42 56 86 26 51 61 77 21 3
44 47 78 26 49 63 75 23 3
49 42 83 21 45 67 77 21 3
45 59 76 28 52 60 88 24 3
49 42 72 19 46 45 77 14 3
43 62 89 31 49 71 75 30 3
35 69 92 25 59 67 90 22 3
42 56 71 27 47 51 75 23 3
41 87 96 32 48 80 95 33 3
31 60 63 28 32 59 62 29 3
26 46 58 26 36 55 60 18 3
57 87 100 62 61 101 115 29 3
37 61 73 39 48 64 76 22 3
31 41 55 17 29 43 55 17 3
42 49 84 20 52 52 71 20 3
29 43 62 22 42 49 63 15 3
31 53 64 20 36 55 74 17 3
44 61 88 32 59 69 85 27 3
28 44 63 21 40 44 58 14 3
35 61 73 23 39 65 80 24 3
39 52 62 42 28 84 74 24 3
37 54 60 31 23 75 68 30 3
62 66 85 43 52 84 85 51 3
53 67 89 31 53 67 88 32 3
32 45 57 20 34 50 61 23 3
30 61 66 25 38 53 66 25 3
28 63 65 26 41 57 64 34 3
33 51 83 13 61 43 76 15 3
42 49 80 24 53 51 76 15 3
37 35 65 19 43 48 64 14 3
53 59 101 27 57 71 92 20 3
51 61 87 25 50 62 91 21 3
56 56 87 25 55 57 89 23 3
40 51 86 18 55 49 77 14 3
53 38 89 15 66 46 84 14 3
43 41 65 19 39 52 77 14 3
44 61 78 27 41 71 80 32 3
38 34 60 12 41 31 58 14 3
36 55 69 22 46 45 75 16 3
40 51 81 23 53 51 74 17 3
41 64 92 28 54 66 77 28 3
42 63 91 29 53 67 78 27 3
40 51 72 32 44 60 70 21 3
37 54 68 23 41 50 76 15 3
33 58 59 45 37 75 80 18 3
46 38 68 16 53 38 76 15 3
44 76 96 24 62 66 100 28 3
30 68 66 32 35 70 76 29 3
66 60 108 18 79 56 106 29 3
42 42 68 16 52 39 80 11 3
66 60 108 18 79 56 106 29 3
53 45 91 21 63 49 82 16 3
47 51 88 24 55 57 79 19 3
43 41 68 16 51 40 79 12 3
42 56 79 33 56 64 89 16 3
42 49 69 22 45 46 76 15 3
55 49 63 54 44 82 80 32 3
59 67 77 49 35 91 86 40 3
36 42 68 23 45 46 64 14 3
39 57 63 33 44 60 82 22 3
36 42 73 18 51 40 64 14 3
46 45 89 15 61 43 77 14 3
52 39 91 13 64 40 79 12 3
43 76 81 38 38 81 78 41 3
78 27 84 21 65 40 78 27 3
33 71 81 23 51 61 90 22 3
29 43 61 23 39 52 58 20 3
29 49 60 31 39 52 59 19 3
76 152 189 58 131 116 176 52 3
78 112 141 49 93 107 143 57 3
81 99 161 37 105 93 152 28 3
90 90 168 30 118 80 153 27 3
98 72 139 31 101 69 147 23 3
114 102 170 46 100 128 196 32 3
99 99 144 54 103 106 176 33 3
82 88 138 49 78 120 146 34 3
111 87 163 35 116 82 168 30 3
110 132 157 107 88 188 171 82 3
65 115 138 60 98 111 137 53 3
78 120 153 63 111 117 145 64 3
23 61 52 44 55 41 64 20 4
50 70 78 57 88 47 105 15 4
38 74 27 85 56 64 73 47 4
33 58 49 55 78 34 85 13 4
47 58 51 54 40 65 81 24 4
47 58 51 54 40 65 81 24 4
46 71 35 82 87 39 98 28 4
46 71 35 82 87 39 98 28 4
23 68 56 35 59 32 79 12 4
21 70 63 41 72 32 83 8 4
46 80 44 82 72 54 94 32 4
93 51 35 109 59 94 105 48 4
69 43 31 81 71 49 86 34 4
29 62 53 51 74 38 80 18 4
25 66 58 46 65 39 74 17 4
30 90 86 49 81 54 95 25 4
20 58 60 31 63 28 69 9 4
20 58 60 31 63 28 69 9 4
35 69 41 63 63 41 80 24 4
25 52 45 32 63 14 71 6 4
45 67 39 87 82 53 83 37 4
25 66 38 53 45 46 71 20 4
41 71 31 81 72 48 79 41 4
60 84 30 114 58 86 96 48 4
36 76 33 79 65 47 75 37 4
25 66 47 57 65 39 72 19 4
30 82 62 50 78 42 91 29 4
25 66 50 41 67 24 74 17 4
26 78 59 45 70 42 95 17 4
48 64 32 80 71 41 85 27 4
25 66 71 33 72 32 88 3 4
30 98 55 89 80 64 91 37 4
44 60 41 63 72 40 88 24 4
30 54 41 55 66 30 67 17 4
24 60 45 51 62 42 71 20 4
59 53 51 75 82 44 98 14 4
46 89 72 63 78 57 106 29 4
35 77 40 72 71 41 83 29 4
23 61 30 66 58 46 62 29 4
24 60 29 67 59 45 64 27 4
27 57 42 54 58 46 62 29 4
20 52 53 31 64 27 68 10 4
16 50 28 38 48 24 49 23 4
28 42 14 56 37 40 52 25 4
15 57 58 26 63 21 69 3 4
40 72 57 55 71 41 93 19 4
31 53 59 37 77 27 83 8 4
25 59 52 44 69 35 83 8 4
32 59 61 30 64 27 79 12 4
26 58 48 36 60 31 81 10 4
35 56 37 67 63 49 75 23 4
24 88 74 38 77 43 96 24 4
35 109 84 76 74 96 113 40 4
28 63 56 48 67 37 81 10 4
43 61 40 64 65 39 85 19 4
31 60 63 41 60 44 76 15 4
30 61 44 60 63 41 72 19 4
25 66 42 62 70 42 81 17 4
32 52 24 60 53 38 62 29 4
21 57 31 60 53 45 44 40 4
26 52 28 50 46 32 41 37 4
29 75 25 79 57 47 66 38 4
20 64 37 47 54 30 63 21 4
36 36 17 67 38 46 55 17 4
37 75 28 84 63 57 75 45 4
47 81 37 91 57 79 87 49 4
21 57 45 46 51 40 54 24 4
21 51 33 51 48 36 52 20 4
23 89 50 78 48 80 76 36 4
10 56 24 42 39 33 41 31 4
13 59 30 42 31 41 42 30 4
23 49 21 51 42 36 51 27 4
22 50 24 60 49 42 51 27 4
19 65 48 48 69 35 78 13 4
20 71 52 52 61 43 70 21 4
22 69 59 45 75 37 84 14 4
49 79 65 79 67 77 96 32 4
29 62 62 29 58 33 78 13 4
20 64 46 38 60 31 69 22 4
34 78 46 66 75 37 85 27 4
37 83 77 58 88 47 99 21 4
39 73 39 87 74 52 77 35 4
50 76 41 85 74 52 99 27 4
24 67 58 33 60 38 82 16 4
22 62 59 25 55 29 71 13 4
17 67 63 33 66 38 81 10 4
17 67 68 28 70 34 83 8 4
31 81 52 74 73 53 85 27 4
25 66 51 53 67 37 71 20 4
23 97 50 85 69 66 77 43 4
18 66 57 27 64 27 85 6 4
31 60 49 42 65 33 83 15 4
17 81 80 32 83 37 94 11 4
31 81 82 30 76 36 91 21 4
23 61 38 46 55 36 66 25 4
77 103 44 154 85 113 102 78 4
30 82 61 51 67 45 89 23 4
95 158 158 118 131 145 218 35 4
64 123 128 76 149 67 182 16 4
79 119 93 123 162 66 178 31 4
83 8 56 35 65 33 71 27 5
87 4 66 25 65 26 74 17 5
75 37 65 47 62 50 84 28 5
65 19 63 33 68 36 76 15 5
86 12 65 47 68 52 78 27 5
86 12 59 53 55 57 80 18 5
89 9 72 40 59 53 66 32 5
72 6 57 34 52 39 62 16 5
78 20 39 59 57 48 77 28 5
105 15 57 63 83 37 90 30 5
104 16 57 63 78 42 90 30 5
72 6 63 28 55 36 59 19 5
68 23 54 50 58 54 70 28 5
68 23 54 50 58 54 70 28 5
78 13 60 31 44 54 73 25 5
68 23 58 33 58 40 70 28 5
87 11 67 45 45 67 78 20 5
76 15 58 33 53 38 66 25 5
76 15 58 33 53 38 66 25 5
101 19 61 59 38 82 87 33 5
90 22 68 44 41 71 65 47 5
82 9 66 25 57 34 68 23 5
112 8 77 43 64 56 84 36 5
94 4 80 32 70 50 77 28 5
69 22 51 40 31 60 68 23 5
73 25 67 45 49 63 74 24 5
83 8 65 39 52 60 66 32 5
68 44 88 38 80 46 86 26 5
90 22 68 44 45 75 67 53 5
95 17 64 48 55 65 78 42 5
72 40 58 54 65 55 85 35 5
76 8 48 48 40 64 73 18 5
87 4 63 28 65 33 81 17 5
87 4 64 40 54 50 72 19 5
89 15 55 49 55 57 84 28 5
72 6 66 25 58 33 63 15 5
82 23 66 54 59 69 72 40 5
66 6 67 17 50 41 63 15 5
84 7 60 31 46 52 65 33 5
67 5 51 33 49 42 57 21 5
71 6 53 24 44 40 59 25 5
70 7 54 23 41 43 59 25 5
99 21 91 29 67 61 76 52 5
54 36 44 61 33 79 59 37 5
51 21 39 33 41 37 50 28 5
71 13 50 48 55 43 63 21 5
51 33 81 15 76 28 73 18 5
66 32 56 56 58 62 77 28 5
65 19 63 21 68 23 73 18 5
73 18 76 28 67 37 72 19 5
75 16 56 35 36 55 70 21 5
101 19 84 36 72 48 85 35 5
99 21 88 32 64 56 86 34 5
68 16 57 39 44 60 76 15 5
73 18 62 29 53 38 67 24 5
73 18 62 29 53 38 67 24 5
82 9 71 33 58 46 68 23 5
69 15 56 28 55 36 74 17 5
86 18 82 35 79 47 89 23 5
94 10 52 52 84 28 98 14 5
84 7 65 26 58 33 67 24 5
79 12 42 49 43 55 79 19 5
64 8 59 25 70 21 67 11 5
69 15 53 31 57 34 71 20 5
74 38 64 48 62 58 86 34 5
71 27 67 45 59 61 77 28 5
99 29 76 68 92 61 103 33 5
70 28 56 42 77 21 84 14 5
67 11 49 42 66 32 71 13 5
68 23 58 46 46 58 76 15 5
71 20 78 26 54 50 76 15 5
96 16 73 39 64 56 88 32 5
83 8 57 34 59 32 70 21 5
67 24 54 37 41 50 67 24 5
77 14 49 42 34 57 70 21 5
73 18 51 53 34 70 70 21 5
64 27 45 46 53 45 65 33 5
71 13 48 50 35 70 64 26 5
61 11 44 40 48 43 56 22 5
65 7 58 26 38 46 53 19 5
86 12 54 44 48 57 64 41 5
62 10 46 26 35 37 46 26 5
198 33 173 79 112 140 169 62 5
188 32 162 78 127 113 172 48 5
145 45 110 99 126 94 145 55 5
163 57 100 120 85 135 165 55 5
165 15 137 61 157 52 167 23 5
158 22 130 50 138 52 159 31 5
157 13 102 68 131 49 146 34 5
139 31 120 67 137 61 146 34 5
162 8 124 63 152 46 155 25 5
148 56 117 87 126 90 159 57 5
153 27 129 69 134 64 154 26 5
195 25 140 80 118 102 157 63 5
186 23 129 80 86 123 127 82 5
176 22 126 72 99 99 150 48 5
139 41 123 75 121 77 149 31 5
157 23 142 56 141 68 164 26 5
158 32 112 78 95 95 145 45 5
149 31 125 73 95 114 130 60 5
25 59 48 36 74 17 77 14 6
48 50 41 57 74 24 79 19 6
59 45 52 52 78 34 87 25 6
30 68 57 55 82 30 79 19 6
39 45 56 28 70 21 75 16 6
44 47 55 49 70 34 68 23 6
35 63 55 43 77 28 73 32 6
35 63 55 43 77 28 73 32 6
37 54 57 34 62 29 65 26 6
29 62 61 43 75 29 75 16 6
37 54 57 34 62 29 65 26 6
29 62 61 43 75 29 75 16 6
27 64 57 47 83 29 56 42 6
32 59 65 39 76 28 74 17 6
29 55 59 25 69 22 69 22 6
21 70 63 28 71 20 72 19 6
68 4 72 12 77 14 67 11 6
53 45 65 47 82 30 74 24 6
46 38 50 46 81 23 75 16 6
26 70 57 39 77 19 82 14 6
41 50 58 46 80 24 75 16 6
38 53 48 43 71 20 73 18 6
44 54 56 56 86 26 78 20 6
44 47 46 45 75 23 76 22 6
39 45 60 24 64 20 71 13 6
49 42 65 26 70 21 72 19 6
33 58 62 29 70 28 65 33 6
29 62 63 28 66 25 73 18 6
49 42 52 52 82 30 74 24 6
38 53 59 32 69 22 64 27 6
41 43 49 35 71 20 71 20 6
46 45 52 39 71 20 68 23 6
47 44 55 36 70 21 65 26 6
25 66 61 43 85 27 76 22 6
36 55 58 33 68 23 72 19 6
52 52 59 45 90 22 89 23 6
23 75 63 35 76 29 73 32 6
38 66 68 36 92 20 91 21 6
41 43 48 36 75 16 74 17 6
20 64 46 38 69 21 64 26 6
37 54 56 35 72 26 69 29 6
30 54 62 22 69 22 70 21 6
42 70 59 53 86 34 81 39 6
24 67 70 34 77 35 71 27 6
25 53 56 35 65 26 60 18 6
23 49 57 27 65 26 63 15 6
32 52 55 29 66 25 72 19 6
25 47 54 30 58 26 51 21 6
34 64 56 42 60 38 60 38 6
36 55 65 26 72 19 72 19 6
29 62 68 36 79 25 73 18 6
42 62 74 30 92 20 97 15 6
33 65 69 29 80 25 78 27 6
58 40 51 61 85 27 80 18 6
54 37 47 57 86 26 80 18 6
27 78 76 44 88 32 83 22 6
29 69 59 39 72 33 71 34 6
31 35 45 32 64 20 56 16 6
29 69 62 36 87 18 85 20 6
30 68 62 50 95 25 87 18 6
29 62 60 44 72 32 70 21 6
77 27 67 37 87 17 85 19 6
22 62 64 34 67 31 40 44 6
30 61 62 29 62 29 68 23 6
33 58 61 30 68 23 70 21 6
48 43 54 50 82 22 76 15 6
25 47 57 27 71 20 65 13 6
24 48 59 25 72 19 66 12 6
26 58 59 25 72 19 72 19 6
49 35 47 37 72 19 69 22 6
86 19 73 32 90 15 90 15 6
84 21 79 41 101 19 92 13 6
45 59 53 51 86 26 93 19 6
46 90 96 40 78 66 107 37 6
34 78 97 29 101 34 97 23 6
37 75 95 31 107 28 97 23 6
47 79 89 37 112 23 114 21 6
34 78 97 29 101 34 97 23 6
37 75 95 31 107 28 97 23 6
47 79 89 37 112 23 114 21 6
63 28 53 38 80 18 84 14 6
28 63 64 27 73 25 80 18 6
38 53 64 40 91 13 81 10 6
34 50 58 26 74 17 75 16 6
41 43 47 37 72 19 70 21 6
30 61 47 44 76 22 77 21 6
71 20 48 56 74 30 70 21 6
33 39 42 42 56 35 56 22 6
58 33 46 45 68 30 70 28 6
20 52 53 31 64 27 59 19 6
36 69 71 49 89 39 83 29 6
30 61 53 38 59 39 65 33 6
121 77 89 109 167 31 171 27 6
71 109 142 56 181 28 168 22 6
69 195 218 68 196 103 169 107 6
58 112 114 56 143 37 145 35 6
69 111 108 90 162 47 151 39 6
49 141 126 83 160 49 151 39 6
45 145 133 76 154 55 155 35 6
100 80 99 99 161 37 152 28 6
52 53 80 40 39 81 31 74 7
60 52 93 19 30 82 54 58 7
61 37 90 22 31 81 40 58 7
48 43 74 17 48 50 36 62 7
49 42 78 13 49 49 40 58 7
43 48 75 16 42 49 29 62 7
51 40 74 17 31 67 52 46 7
40 38 75 16 53 38 24 54 7
51 40 74 17 31 67 52 46 7
40 38 75 16 53 38 24 54 7
40 32 72 12 57 34 20 58 7
47 44 73 18 58 33 23 68 7
25 47 70 14 44 47 43 35 7
38 53 81 10 54 37 36 55 7
46 45 80 11 56 42 27 71 7
46 45 80 11 56 42 27 71 7
41 71 92 20 57 63 35 85 7
65 55 96 24 72 56 26 102 7
36 55 74 17 56 42 26 72 7
31 47 76 15 56 35 17 61 7
49 42 77 14 58 40 28 70 7
55 50 94 26 49 71 43 62 7
58 47 95 25 61 67 34 78 7
50 41 78 13 50 41 30 61 7
41 43 68 16 45 46 36 55 7
27 64 70 21 45 53 38 60 7
50 48 81 17 68 30 27 71 7
39 45 73 11 40 51 44 47 7
50 41 80 11 46 45 36 55 7
43 41 72 12 36 55 48 43 7
40 44 75 9 38 46 40 44 7
41 57 80 32 57 63 16 89 7
39 45 71 27 56 42 23 61 7
71 48 88 48 49 87 51 68 7
55 43 88 24 43 69 44 54 7
51 40 80 11 49 42 31 60 7
27 57 71 13 36 55 45 46 7
48 57 90 30 66 54 24 81 7
46 45 76 15 52 46 30 68 7
45 33 70 21 39 52 35 43 7
43 55 78 34 59 61 23 82 7
43 62 94 26 64 56 21 84 7
50 55 83 22 57 48 30 75 7
53 52 96 24 60 60 21 84 7
34 44 80 11 60 38 21 63 7
68 92 91 69 25 143 99 69 7
42 36 71 20 41 50 31 47 7
42 49 81 23 40 64 41 50 7
41 37 70 21 43 48 17 61 7
43 35 68 23 47 51 19 65 7
31 29 51 21 15 57 28 32 7
33 45 66 25 43 55 16 68 7
20 58 40 38 18 66 25 59 7
31 41 55 17 29 43 19 53 7
33 51 63 35 38 67 24 66 7
47 44 81 10 42 49 40 51 7
26 46 70 14 53 38 24 54 7
43 41 82 16 51 47 33 51 7
50 34 75 9 49 42 33 58 7
44 47 80 11 44 47 37 54 7
40 32 74 10 56 35 25 53 7
58 33 79 12 30 61 52 39 7
50 48 74 24 62 36 18 80 7
36 42 77 14 54 37 26 52 7
56 35 77 14 43 55 43 55 7
50 41 76 15 53 38 33 58 7
35 43 57 21 22 56 47 31 7
30 48 62 29 29 62 42 36 7
37 47 62 36 35 63 47 37 7
53 38 84 7 45 46 39 52 7
54 37 83 21 57 47 23 68 7
31 60 88 16 51 61 48 50 7
34 57 80 11 47 51 52 46 7
49 71 94 26 70 50 23 97 7
44 76 85 35 70 58 30 98 7
63 65 106 22 72 56 37 91 7
38 34 71 13 47 44 26 52 7
23 49 65 19 49 42 30 48 7
65 97 154 26 107 83 55 116 7
126 94 188 32 147 73 64 156 7
143 97 195 45 146 106 67 185 7
109 71 166 14 120 70 66 124 7
91 79 158 29 97 101 39 141 7
97 83 163 17 101 79 75 105 7
96 66 158 22 98 82 70 92 7
101 79 155 25 107 83 63 127 7
97 103 168 32 116 84 58 142 7
90 150 210 50 144 116 55 185 7
80 91 138 52 105 95 33 147 7
128 70 180 18 119 90 75 134 7
92 78 150 20 110 70 49 131 7
106 74 175 23 121 88 75 115 7
106 92 181 17 76 133 94 115 7
120 96 184 32 103 125 65 163 7
127 82 207 21 117 111 96 113 7
118 122 210 30 142 110 108 144 7
117 103 206 34 140 112 86 145 7
118 62 169 29 89 120 77 113 7
100 80 178 20 111 87 64 116 7
100 71 153 18 67 113 104 76 7
43 29 64 20 68 23 62 16 8
65 7 57 15 59 19 61 17 8
84 28 111 15 99 27 104 8 8
67 31 65 33 70 35 77 28 8
69 43 65 47 82 38 88 32 8
79 41 72 48 80 40 77 43 8
71 41 69 43 82 38 80 40 8
62 29 71 20 64 27 74 17 8
70 21 75 16 72 19 73 18 8
70 21 75 16 72 19 73 18 8
70 21 73 18 72 19 71 20 8
69 22 85 19 81 23 73 18 8
58 33 77 27 78 34 77 21 8
70 42 102 24 92 34 91 21 8
59 25 81 15 87 17 81 10 8
74 30 72 32 74 30 82 22 8
84 28 82 30 85 27 89 23 8
87 21 72 48 69 51 82 26 8
59 45 90 27 87 39 88 24 8
97 39 101 35 68 68 84 52 8
76 44 79 41 68 52 57 63 8
68 23 78 13 70 21 74 17 8
63 28 77 27 79 33 76 22 8
77 35 98 28 96 30 91 21 8
88 48 102 34 79 65 101 43 8
62 42 67 37 75 37 88 24 8
73 18 74 17 74 17 74 17 8
70 21 76 15 71 20 72 19 8
68 44 74 38 75 45 83 37 8
93 35 91 37 94 34 93 35 8
52 26 63 28 70 28 65 19 8
60 24 67 17 58 26 61 23 8
71 49 78 42 83 45 85 43 8
77 35 85 41 91 35 86 26 8
73 55 95 49 97 56 95 41 8
84 44 91 37 82 54 111 25 8
64 27 85 19 82 22 76 15 8
61 30 83 21 87 25 83 15 8
63 28 67 24 72 26 73 25 8
76 28 87 17 89 23 92 20 8
58 40 62 36 76 29 75 30 8
63 28 67 24 72 26 73 25 8
45 33 63 28 60 31 62 16 8
45 27 61 23 63 28 56 22 8
53 25 66 25 61 30 59 19 8
56 22 68 23 63 28 58 20 8
50 22 51 21 54 24 56 22 8
80 40 98 37 77 58 82 38 8
70 34 83 21 88 24 91 21 8
68 30 70 28 73 32 84 21 8
52 46 76 36 75 45 76 29 8
78 13 83 21 95 17 85 13 8
64 27 86 18 83 21 79 12 8
70 21 74 17 80 18 82 16 8
62 22 72 12 69 15 70 14 8
54 18 70 14 68 23 66 12 8
70 26 65 31 76 28 76 28 8
71 20 80 24 83 29 83 15 8
74 46 106 29 99 36 79 41 8
68 16 68 16 63 21 71 13 8
55 17 66 18 73 18 66 12 8
61 23 71 13 79 12 83 8 8
55 29 72 24 77 27 75 16 8
81 54 133 17 121 29 84 51 8
80 70 128 22 111 39 97 53 8
84 66 128 22 115 35 94 56 8
67 17 68 16 74 17 75 16 8
65 19 67 17 72 19 73 18 8
67 24 72 19 69 22 71 20 8
66 25 68 23 70 21 73 18 8
56 16 67 17 73 18 65 13 8
64 27 88 16 85 19 74 17 8
60 31 85 19 87 17 76 15 8
69 36 67 38 78 27 76 29 8
63 41 77 27 83 29 85 27 8
73 31 72 32 81 31 89 23 8
76 44 74 61 78 57 77 43 8
53 38 62 29 67 31 71 27 8
51 21 57 15 53 19 50 22 8
61 44 61 44 57 55 65 47 8
51 21 57 15 53 19 50 22 8
61 44 61 44 57 55 65 47 8
36 36 45 27 54 24 53 25 8
52 39 63 28 60 38 66 32 8
47 25 58 26 62 29 60 18 8
169 59 185 43 158 70 176 52 8
109 61 157 30 151 36 143 27 8
192 94 212 74 180 119 224 75 8
129 51 145 35 138 42 150 30 8
139 51 157 52 164 56 158 42 8
157 63 182 58 182 58 181 39 8
133 67 164 56 159 61 151 49 8
133 47 165 33 157 41 156 24 8
129 41 133 37 143 37 147 33 8
125 91 138 78 170 46 189 27 8
143 44 137 50 148 50 154 44 8
155 43 176 40 163 65 180 29 8
137 43 164 34 169 29 162 18 8
145 45 149 41 154 36 156 34 8
147 62 180 48 178 50 174 35 8
55 17 66 18 47 37 42 30 9
50 22 51 21 53 25 61 17 9
64 27 77 27 60 52 68 30 9
67 24 64 27 40 51 74 17 9
64 34 76 36 50 62 58 40 9
64 27 79 25 60 44 58 33 9
47 31 62 29 65 33 42 42 9
55 36 71 33 69 43 49 49 9
70 14 69 15 65 26 81 10 9
59 111 131 39 43 127 81 89 9
62 29 71 33 71 41 55 43 9
61 30 72 32 63 49 55 43 9
68 44 72 40 67 53 55 65 9
68 30 75 37 41 71 64 34 9
52 39 55 36 46 52 66 32 9
64 27 62 42 65 47 58 40 9
68 23 75 16 46 45 55 36 9
64 27 82 22 75 37 49 49 9
59 32 69 35 48 56 65 26 9
73 25 75 23 58 47 65 40 9
64 27 66 25 50 41 56 35 9
63 28 64 27 58 33 58 33 9
66 25 77 27 63 49 64 34 9
65 33 78 34 57 63 69 36 9
62 29 79 25 68 44 62 36 9
73 25 72 26 44 54 68 30 9
63 21 67 29 52 52 70 21 9
79 25 79 25 68 44 68 44 9
65 47 70 42 61 51 58 54 9
75 53 82 46 50 78 67 61 9
72 48 69 51 56 72 65 63 9
69 29 84 28 51 61 52 46 9
49 23 58 26 49 35 54 18 9
79 41 76 44 34 86 79 41 9
81 39 75 45 35 85 78 42 9
58 20 67 24 56 42 51 33 9
63 35 70 42 61 51 49 49 9
59 39 55 43 42 56 55 43 9
51 40 47 44 41 57 60 38 9
40 20 47 25 23 49 46 14 9
37 41 47 31 50 34 49 35 9
50 28 50 28 39 39 52 26 9
47 25 49 23 25 47 50 22 9
43 17 46 26 40 32 35 25 9
43 41 45 39 39 52 40 51 9
36 29 30 35 34 36 49 21 9
38 40 41 37 36 48 50 34 9
47 23 37 47 33 51 53 17 9
66 25 68 23 50 41 62 29 9
63 21 64 20 57 34 64 27 9
71 64 111 24 57 78 60 75 9
95 33 111 17 83 53 98 38 9
64 27 64 40 56 48 50 41 9
75 30 83 37 70 50 43 62 9
70 21 71 20 51 40 59 32 9
74 24 80 32 61 51 71 27 9
83 29 87 39 63 63 76 36 9
84 28 80 32 54 58 85 27 9
79 25 82 22 43 61 65 39 9
60 24 63 21 59 32 63 28 9
57 27 67 17 55 36 54 37 9
49 23 64 20 71 20 47 31 9
63 21 68 16 64 27 54 37 9
70 21 69 22 55 36 54 37 9
72 19 75 16 68 23 51 40 9
67 31 74 38 62 50 49 49 9
59 39 58 40 42 56 49 49 9
64 34 64 34 41 57 49 49 9
58 40 52 46 43 55 62 36 9
53 31 65 33 48 50 56 28 9
40 32 46 38 29 55 50 22 9
50 28 57 34 34 57 51 27 9
84 36 90 30 79 49 79 49 9
61 30 63 28 48 50 82 16 9
53 19 58 26 65 26 44 34 9
62 29 64 27 50 48 64 34 9
50 22 61 23 47 37 47 25 9
56 35 59 32 39 52 68 23 9
49 23 60 24 55 29 44 28 9
64 27 67 24 64 27 43 48 9
74 24 89 23 77 43 42 63 9
146 63 169 59 137 91 119 90 9
197 79 208 68 89 199 119 169 9
147 62 119 90 76 144 108 112 9
129 41 142 28 103 77 102 78 9
159 45 151 53 108 108 190 26 9
157 30 163 41 133 83 181 17 9
145 42 157 47 131 85 181 17 9
165 66 193 59 145 107 76 155 9
167 64 193 59 143 109 73 158 9
143 57 166 54 101 119 102 98 9
130 40 138 32 122 48 83 87 9
146 34 163 35 129 69 108 72 9
122 65 140 47 90 108 140 58 9
146 34 161 37 108 90 104 76 9
129 41 145 42 93 105 112 68 9
134 36 132 38 83 97 119 61 9
141 39 154 44 131 67 95 85 9
139 51 145 45 120 80 78 122 9
131 49 141 57 108 101 153 37 9
