29 21 40 20 24 6 32 1 31 13 12 43 26 14 33 15 19 5 0
26 24 36 24 28 12 34 10 21 34 33 33 30 18 32 24 13 3 0
34 21 28 38 33 22 46 14 4 68 48 12 13 37 37 23 33 17 0
31 14 27 27 21 6 30 0 14 26 0 50 34 11 27 27 22 5 0
26 10 37 8 15 3 20 0 30 0 9 31 27 1 23 12 14 0 0
31 14 35 19 30 6 40 0 13 37 40 20 37 11 38 18 10 6 0
28 17 38 16 27 9 33 7 29 21 40 20 28 14 42 7 10 4 0
26 19 37 17 26 10 40 0 20 30 41 19 39 9 46 10 12 4 0
24 12 30 15 28 8 40 0 10 40 30 10 27 5 26 14 28 4 0
25 20 34 20 21 6 28 2 25 15 10 40 27 18 26 28 21 6 0
25 20 34 20 21 6 28 2 25 15 10 40 27 18 26 28 21 6 0
15 25 28 20 20 4 13 14 19 17 9 36 26 14 20 28 16 8 0
17 19 32 13 23 13 26 14 6 44 40 0 22 6 25 10 26 2 0
18 14 31 9 26 6 35 1 14 31 36 0 24 4 28 7 22 6 0
17 19 32 13 23 13 26 14 6 44 40 0 22 6 25 10 26 2 0
18 14 31 9 26 6 35 1 14 31 36 0 24 4 28 7 22 6 0
15 17 30 10 26 6 35 1 16 29 27 9 27 5 28 12 29 3 0
29 16 37 17 20 7 30 0 27 13 20 30 28 7 33 9 15 6 0
33 12 37 17 18 9 30 0 22 18 13 37 33 7 23 25 23 1 0
25 20 35 19 26 10 39 1 18 32 32 28 37 17 31 32 15 3 0
31 14 34 20 25 11 40 0 10 40 40 20 38 16 37 26 14 4 0
23 17 32 16 19 5 27 0 19 17 9 36 21 9 22 14 13 5 0
25 20 40 14 22 5 24 6 31 9 20 30 25 10 39 3 15 6 0
18 14 24 16 19 13 36 0 9 36 28 8 24 4 24 11 25 3 0
24 21 41 13 17 10 23 7 35 5 20 30 25 10 39 3 20 1 0
23 22 44 10 30 15 44 6 28 32 50 0 24 16 33 15 33 7 0
25 20 42 12 25 11 31 9 21 29 40 20 30 12 34 15 11 3 0
28 8 29 16 29 7 40 0 10 40 32 8 28 4 27 13 28 4 0
21 11 31 9 24 8 36 0 18 27 34 2 26 6 29 11 30 2 0
37 13 35 25 27 23 55 0 11 55 51 4 15 35 35 25 39 11 0
24 21 40 14 33 3 35 5 29 21 44 16 33 9 44 5 10 4 0
20 12 33 7 23 9 36 0 18 27 36 0 19 9 27 8 25 3 0
16 16 30 10 22 10 35 1 18 27 32 4 17 11 28 7 26 2 0
42 24 40 37 12 32 48 0 12 48 48 24 20 34 38 25 20 16 0
25 11 31 14 12 6 20 0 30 0 10 30 29 7 27 18 16 2 0
21 24 41 13 33 3 37 3 29 21 40 20 31 11 41 8 7 7 0
29 16 40 14 23 4 30 0 30 10 20 30 28 7 34 8 19 2 0
30 15 41 13 28 8 40 0 26 24 50 10 40 8 47 9 11 5 0
29 16 37 17 17 10 30 0 30 10 19 31 29 11 35 13 23 1 0
27 13 39 9 15 9 27 0 30 6 19 26 27 13 35 13 23 1 0
28 17 41 13 22 14 30 10 30 20 43 17 22 26 48 8 13 3 0
26 19 38 16 29 7 35 5 17 33 40 20 35 13 36 20 11 5 0
17 19 30 15 29 7 35 5 11 39 20 20 18 10 30 5 26 2 0
20 12 31 9 26 6 36 0 15 30 27 9 26 6 28 12 27 5 0
32 18 36 24 20 10 33 0 22 22 24 31 18 27 38 16 15 12 0
19 13 31 9 28 4 36 0 18 27 27 9 21 7 30 5 26 2 0
23 22 31 23 24 12 31 9 13 37 36 24 31 23 33 30 17 1 0
17 11 26 9 14 7 24 0 11 21 26 14 26 9 26 16 4 3 0
26 19 41 13 24 12 40 0 20 30 49 11 32 10 37 12 7 7 0
22 23 41 13 25 11 38 2 23 27 40 20 33 15 43 13 12 4 0
33 17 38 22 21 9 33 0 33 11 11 44 29 11 36 12 21 3 0
32 23 39 27 27 6 35 1 25 23 14 46 20 35 46 20 22 11 0
31 14 35 19 19 8 30 0 30 10 20 30 24 11 31 11 15 6 0
23 9 31 9 27 5 36 0 10 35 27 9 28 4 25 15 29 3 0
15 17 28 12 23 9 34 2 15 30 27 9 22 6 21 14 23 5 0
33 12 34 20 19 8 30 0 20 20 20 30 30 15 30 24 21 6 0
20 16 31 14 24 12 40 0 17 33 30 10 17 11 27 8 23 5 0
29 16 34 20 15 12 30 0 23 17 20 30 25 10 29 13 14 7 0
28 17 31 23 20 7 30 0 15 25 16 34 31 14 27 27 20 7 0
35 5 30 18 21 3 27 0 18 18 9 36 31 4 21 21 21 0 0
18 14 25 15 20 4 26 1 11 25 22 23 28 7 29 13 4 3 0
20 16 31 14 24 12 40 0 17 33 30 10 17 11 27 8 23 5 0
29 16 34 20 15 12 30 0 23 17 20 30 25 10 29 13 14 7 0
14 18 30 10 25 7 30 6 17 28 28 8 25 7 26 14 27 5 0
22 10 22 18 15 9 27 0 10 26 27 18 19 16 29 13 5 2 0
24 8 26 14 8 8 18 0 18 9 1 35 22 10 22 18 13 3 0
17 15 23 17 18 6 25 2 10 26 18 27 25 10 26 16 4 3 0
19 13 25 15 11 5 18 0 18 9 0 36 19 9 22 13 11 3 0
19 13 25 15 14 10 22 5 11 25 27 18 22 13 28 14 5 2 0
21 15 27 18 20 16 31 9 1 49 24 16 24 12 20 25 23 13 0
12 33 43 11 28 8 27 13 37 13 40 20 40 14 51 12 12 6 0
23 22 41 13 23 4 21 9 32 8 13 37 29 6 35 7 15 6 0
19 13 33 7 28 4 36 0 19 26 29 7 26 6 29 11 30 2 0
12 33 43 11 28 8 27 13 37 13 40 20 40 14 51 12 12 6 0
20 25 29 25 18 9 29 1 20 20 12 38 37 8 26 28 23 4 0
21 11 32 8 22 10 36 0 10 35 36 0 29 3 26 14 28 4 0
21 19 36 12 21 11 32 4 24 21 46 8 36 12 39 17 11 5 0
32 23 38 28 38 6 45 3 25 35 55 17 20 34 54 9 13 5 0
67 37 92 25 55 23 71 13 56 42 85 27 75 29 88 29 63 15 0
51 33 83 13 45 15 65 0 53 25 65 26 67 10 77 11 44 11 0
51 33 81 15 49 11 64 1 53 25 61 30 64 13 78 10 45 10 0
45 32 76 12 40 15 56 4 51 21 57 27 56 21 73 15 39 16 0
63 14 74 14 53 24 71 13 39 57 84 0 49 28 70 18 76 1 0
50 27 70 18 47 19 71 1 42 42 84 12 59 29 85 14 31 13 0
43 29 63 21 57 15 73 5 35 56 78 0 44 16 62 8 52 8 0
60 24 83 13 49 11 63 2 61 17 65 26 46 24 75 5 40 10 0
46 45 70 34 62 29 85 13 28 84 92 6 54 30 67 29 68 16 0
51 40 75 29 69 22 86 12 31 81 85 13 56 21 68 20 62 15 0
58 33 57 47 62 16 73 11 27 71 81 31 65 31 71 37 38 10 0
64 34 68 44 55 29 90 0 29 76 103 17 76 20 83 25 33 15 0
49 42 77 27 70 21 93 5 28 84 98 0 71 20 81 23 73 18 0
55 29 53 43 41 19 65 0 26 52 39 52 57 20 44 44 43 12 0
11 73 55 41 43 17 29 36 70 8 41 50 57 20 68 20 40 15 0
41 36 71 17 50 5 54 6 50 22 62 22 63 7 70 10 32 18 0
55 36 87 17 73 18 94 4 55 57 98 0 55 22 80 8 65 12 0
55 22 76 12 41 14 60 0 48 24 60 24 63 14 73 15 49 6 0
59 25 82 14 55 17 78 0 47 44 104 0 65 15 83 7 30 10 0
61 37 91 21 53 45 96 9 35 85 105 0 62 29 80 24 81 10 0
55 49 89 28 48 43 93 5 39 73 121 5 90 27 87 43 46 19 0
55 36 78 26 68 23 96 2 42 70 87 11 67 17 71 25 64 20 0
10 10 22 8 19 1 0 22 11 22 22 0 0 16 7 17 16 0 1
15 15 35 5 9 1 0 11 0 22 25 8 0 24 14 18 8 0 1
9 7 21 3 8 0 0 9 0 18 27 0 11 10 27 1 0 0 1
16 11 34 2 8 1 0 10 0 20 23 7 0 27 17 19 9 0 1
11 5 22 2 8 0 0 9 0 18 27 0 6 12 24 0 0 0 1
18 9 35 1 9 0 0 10 0 20 30 0 0 21 21 7 7 0 1
8 10 20 7 16 2 0 20 10 20 20 0 0 16 7 17 16 0 1
7 11 20 7 9 0 0 10 0 20 30 0 7 14 28 0 0 0 1
8 8 20 4 6 2 0 9 0 18 27 0 6 15 27 1 0 0 1
7 11 20 7 9 0 0 10 0 20 30 0 7 14 28 0 0 0 1
8 8 20 4 6 2 0 9 0 18 27 0 6 15 27 1 0 0 1
10 8 23 4 9 0 0 10 0 20 30 0 1 20 22 6 0 0 1
5 11 18 6 8 0 0 9 0 18 27 0 15 9 28 4 0 0 1
7 9 18 6 8 0 0 9 1 17 27 0 7 14 28 0 0 0 1
13 14 27 9 18 0 4 16 6 24 40 0 0 32 29 11 0 0 1
17 10 34 2 9 0 0 10 0 20 21 9 0 27 23 13 9 0 1
12 12 26 6 22 2 5 22 16 20 27 0 0 21 4 24 21 0 1
17 10 33 3 6 21 0 30 17 23 23 7 0 24 0 32 24 0 1
11 16 30 6 11 16 0 30 12 28 25 5 0 24 1 31 24 0 1
8 10 20 7 17 1 0 20 16 14 13 7 1 15 17 7 1 15 1
8 10 20 7 17 1 0 20 16 14 13 7 1 15 17 7 1 15 1
12 15 28 8 9 0 1 9 2 18 23 7 0 24 16 16 8 0 1
5 11 19 5 15 1 0 18 13 14 18 0 0 14 7 14 14 0 1
5 15 18 12 20 0 0 22 11 22 22 0 0 16 13 11 16 0 1
12 15 26 10 8 1 1 9 3 17 16 14 0 21 8 20 7 0 1
12 4 23 1 8 0 0 9 0 18 27 0 7 14 28 0 0 0 1
9 7 21 3 15 1 1 17 19 8 18 0 0 16 16 8 10 6 1
8 10 23 4 10 8 0 20 19 11 16 4 0 14 14 7 14 0 1
11 7 22 5 18 0 0 20 9 21 20 0 0 16 7 17 16 0 1
11 7 24 3 9 0 0 10 0 20 30 0 7 17 31 1 0 0 1
12 15 26 10 17 1 3 17 5 25 40 0 0 28 21 14 0 0 1
8 10 22 5 8 1 0 10 0 20 30 0 0 24 19 13 0 0 1
12 6 25 2 0 0 0 0 0 0 0 0 0 0 0 0 0 0 1
12 18 30 10 8 12 0 22 10 23 11 33 9 27 36 9 0 0 1
4 14 17 10 18 0 0 20 10 20 16 4 0 18 9 18 18 0 1
8 10 19 8 9 0 0 10 0 20 30 0 0 21 21 7 0 0 1
12 6 25 2 9 0 0 10 0 20 30 0 0 27 27 9 0 0 1
8 10 20 7 18 0 0 20 19 11 20 0 0 16 15 9 16 0 1
14 13 34 2 8 1 0 10 0 20 30 0 0 21 20 8 7 0 1
8 8 19 5 8 0 0 9 0 18 27 0 8 16 32 0 0 0 1
10 8 23 4 9 0 0 10 0 20 30 0 7 14 28 0 0 0 1
19 8 33 3 4 23 1 29 28 12 16 14 0 27 11 25 27 0 1
28 20 48 12 0 24 0 26 13 26 26 26 6 34 31 19 7 13 1
9 11 21 9 10 0 0 11 0 22 33 0 8 16 32 0 0 0 1
19 8 34 2 5 13 0 20 2 28 38 2 0 32 20 20 0 0 1
30 14 41 14 0 22 0 24 0 36 39 9 9 35 42 13 6 16 1
9 9 20 7 18 0 0 20 10 20 20 0 0 18 9 18 18 0 1
7 9 20 4 15 1 0 18 9 18 18 0 0 16 8 16 16 0 1
12 15 26 10 17 1 2 18 3 27 40 0 0 28 14 21 0 0 1
8 8 20 4 0 0 0 0 0 0 0 0 0 0 0 0 0 0 1
12 15 26 10 17 1 2 18 3 27 40 0 0 28 14 21 0 0 1
6 12 19 8 0 0 0 0 0 0 0 0 0 0 0 0 0 0 1
4 3 10 4 7 0 0 8 2 14 8 0 0 7 0 14 7 0 1
6 8 17 4 0 0 0 0 0 0 0 0 0 0 0 0 0 0 1
12 6 24 3 9 0 0 10 10 10 30 0 24 0 30 2 0 0 1
12 6 24 3 9 0 0 10 10 10 30 0 24 0 30 2 0 0 1
7 9 17 7 16 0 0 18 8 19 18 0 0 16 0 24 16 0 1
13 19 33 7 15 1 3 15 9 18 35 1 0 32 19 21 16 0 1
7 11 22 5 8 1 0 10 0 20 30 0 0 21 21 7 0 0 1
11 7 22 5 16 2 1 19 14 16 20 0 0 16 8 16 16 0 1
11 13 25 7 15 1 3 15 6 21 36 0 0 32 24 16 0 0 1
8 16 22 10 16 0 3 15 6 21 36 0 0 32 23 17 0 0 1
12 12 26 6 15 1 3 15 6 21 36 0 0 32 24 16 0 0 1
9 7 22 2 8 0 0 9 1 17 27 0 6 12 24 0 0 0 1
18 9 30 6 7 2 0 10 1 19 30 0 7 14 28 0 4 3 1
8 8 19 5 8 0 0 9 1 17 27 0 7 14 28 0 0 0 1
18 12 37 3 19 1 0 22 12 21 44 0 7 25 39 1 0 0 1
15 9 31 1 6 2 0 9 0 18 23 4 0 24 16 16 8 0 1
16 8 30 2 7 1 0 9 0 18 21 6 0 24 16 16 8 0 1
8 8 20 4 8 0 0 9 0 18 27 0 0 21 21 7 0 0 1
11 7 23 4 18 0 0 20 12 18 20 0 0 14 7 14 14 0 1
15 12 29 7 27 0 5 25 8 32 30 0 0 24 8 24 24 0 1
12 4 22 2 7 1 0 9 1 17 27 0 8 16 32 0 0 0 1
12 4 22 2 8 0 0 9 1 17 27 0 8 16 32 0 0 0 1
8 8 20 4 16 0 0 18 12 15 18 0 0 14 14 7 14 0 1
8 8 19 5 15 1 0 18 13 14 18 0 0 16 16 8 16 0 1
13 14 28 8 24 3 6 24 17 23 30 0 0 24 0 32 24 0 1
11 7 24 3 18 0 0 20 12 18 19 1 0 16 16 8 7 9 1
9 7 21 3 8 0 0 9 1 17 27 0 13 8 27 1 0 0 1
10 6 21 3 8 0 0 9 1 17 27 0 10 14 32 0 0 0 1
10 14 25 7 24 0 4 23 16 20 27 0 0 24 16 16 24 0 1
6 10 17 7 8 0 0 9 0 18 27 0 7 14 28 0 0 0 1
26 10 40 5 0 18 0 20 0 30 37 3 0 28 6 29 14 0 1
25 23 56 4 24 0 0 26 2 37 52 0 7 37 51 4 21 1 1
21 31 54 11 38 1 0 42 13 43 70 0 0 65 58 20 13 0 1
24 20 51 4 21 1 0 24 0 36 48 0 0 40 38 12 17 3 1
21 27 52 8 43 5 0 52 47 18 51 1 0 40 30 20 39 1 1
27 21 55 5 21 3 0 26 6 33 52 0 6 34 46 4 20 0 1
18 34 47 18 25 1 0 28 0 42 56 0 0 52 38 27 25 1 1
10 11 24 4 21 0 13 11 30 2 24 0 0 21 21 7 21 0 1
21 23 49 6 19 3 0 24 5 31 48 0 0 44 43 12 22 0 1
49 21 81 3 33 9 3 42 24 36 75 0 0 70 63 21 42 0 1
28 20 53 7 30 6 1 38 29 23 65 0 4 46 54 6 10 0 1
31 21 60 5 25 1 0 28 0 42 56 0 12 40 64 1 25 1 1
16 28 46 9 44 0 0 48 46 14 48 0 0 44 44 11 44 0 1
31 13 53 2 23 10 1 35 24 24 60 0 0 55 55 11 11 0 1
26 18 53 2 17 16 0 36 13 35 56 4 0 50 39 21 10 0 1
31 13 55 0 15 18 0 36 21 27 57 3 0 55 51 15 11 0 1
41 29 76 8 18 24 0 45 4 56 75 0 0 65 49 29 38 1 1
29 31 61 11 45 3 8 44 24 41 78 0 0 66 43 34 22 0 1
25 20 45 9 21 6 5 25 17 23 40 10 37 3 41 7 15 9 2
19 21 30 18 20 4 11 16 21 15 26 19 34 1 29 13 12 9 2
25 25 34 26 30 10 0 44 13 42 42 24 43 5 43 13 9 7 2
25 20 39 15 18 9 3 27 13 27 35 15 33 2 38 4 14 7 2
35 10 32 22 20 7 3 27 4 36 36 14 28 12 44 4 12 12 2
11 21 26 14 26 6 0 36 4 41 32 4 17 15 39 1 13 19 2
14 22 30 15 30 6 0 40 12 38 32 8 22 6 35 0 16 12 2
27 13 28 22 31 9 3 41 18 37 28 16 25 15 33 17 28 12 2
29 16 34 20 28 17 4 46 18 42 32 18 21 14 42 0 30 5 2
27 13 28 22 31 9 3 41 18 37 28 16 25 15 33 17 28 12 2
29 16 34 20 28 17 4 46 18 42 32 18 21 14 42 0 30 5 2
26 14 34 14 24 0 1 26 10 26 33 12 39 1 41 7 13 11 2
33 17 39 21 29 11 2 42 21 34 41 25 47 1 48 8 11 5 2
25 7 30 10 15 9 2 25 4 32 41 4 34 6 41 7 4 4 2
17 23 33 15 20 12 4 32 22 23 35 19 40 2 46 3 12 2 2
32 13 38 16 17 10 2 28 8 32 38 12 30 5 38 4 14 7 2
31 14 38 16 17 10 2 28 5 35 40 10 37 8 49 5 15 12 2
27 23 35 25 34 6 2 42 13 42 41 25 43 17 52 18 11 9 2
36 20 42 22 8 32 0 45 10 44 45 18 13 29 45 3 19 11 2
14 18 27 13 23 9 3 33 16 29 24 12 22 6 29 6 15 13 2
17 15 28 12 24 8 4 32 16 29 24 12 24 4 30 5 13 15 2
30 15 36 18 24 12 5 35 3 47 37 23 30 24 43 20 5 13 2
13 19 27 13 24 8 2 34 10 35 26 10 21 7 34 1 15 13 2
25 25 38 22 40 10 1 54 25 41 35 20 39 6 49 5 24 21 2
21 15 29 16 25 11 0 40 11 39 31 9 28 4 38 2 15 17 2
30 30 49 21 12 28 3 41 22 33 38 28 40 20 52 18 20 20 2
20 12 21 19 19 13 0 36 19 26 11 25 25 7 34 6 11 21 2
20 25 31 23 15 12 0 30 6 34 37 13 39 6 45 9 15 12 2
24 16 38 10 18 6 3 24 9 27 33 12 36 4 36 12 11 13 2
24 8 31 9 21 3 5 22 15 21 35 10 30 0 29 7 4 2 2
31 24 42 24 24 31 7 53 40 32 17 43 29 16 34 20 33 12 2
19 21 39 9 18 6 2 25 10 26 30 15 32 8 40 8 12 12 2
33 12 42 12 21 6 5 25 15 25 39 11 33 2 37 5 14 7 2
33 17 37 23 30 20 8 47 16 50 44 11 29 16 53 1 28 17 2
17 15 30 10 24 8 3 33 9 36 28 8 25 7 38 2 15 17 2
21 24 36 18 21 6 0 30 3 37 35 15 27 8 39 3 12 9 2
22 10 25 15 21 11 8 28 17 28 21 15 25 3 34 1 16 12 2
18 27 34 20 29 7 0 40 11 39 38 22 42 6 37 19 8 8 2
20 12 28 12 13 3 0 18 2 25 23 13 22 2 25 5 6 6 2
27 23 34 26 30 10 6 38 6 49 45 21 48 12 53 17 6 14 2
24 26 35 25 28 12 4 40 12 43 45 21 40 8 44 12 8 8 2
20 25 38 16 21 6 1 29 5 35 34 16 37 8 46 8 15 12 2
17 33 40 20 21 29 7 48 39 27 12 43 25 20 31 23 25 20 2
14 18 27 13 23 9 3 33 10 35 27 9 25 7 38 2 12 20 2
14 14 22 13 23 5 14 18 22 18 23 9 28 0 21 14 12 16 2
28 12 27 21 30 2 14 22 22 23 41 13 32 10 29 20 7 7 2
13 19 32 8 28 4 4 32 18 27 28 8 26 2 32 3 15 13 2
13 19 21 19 18 6 1 26 10 26 24 21 29 1 20 16 0 6 2
24 42 55 22 35 20 9 51 38 34 41 43 42 21 69 3 7 20 2
20 25 39 15 29 7 2 38 12 38 45 15 40 8 49 7 9 7 2
24 42 55 22 35 20 9 51 38 34 41 43 42 21 69 3 7 20 2
25 11 26 19 25 11 2 38 11 39 30 10 21 7 34 1 12 16 2
10 30 38 10 23 1 0 27 10 26 33 12 30 5 40 2 11 10 2
24 31 35 31 33 22 3 57 32 40 18 42 25 30 38 28 36 19 2
20 20 40 8 20 4 3 24 13 23 32 13 37 3 42 6 14 10 2
19 17 30 15 29 7 0 40 14 36 33 7 28 4 39 1 16 16 2
23 22 37 17 29 7 2 38 10 40 44 16 45 9 51 12 10 8 2
18 22 38 10 25 7 5 31 17 28 44 10 40 8 46 10 5 11 2
24 8 28 12 13 3 2 16 8 19 25 11 28 0 32 3 10 4 2
19 31 42 18 35 15 6 49 19 47 37 18 28 12 43 5 14 26 2
32 13 39 15 25 11 3 37 18 32 40 20 40 2 45 4 11 3 2
18 14 33 7 27 5 7 29 18 27 30 6 31 1 37 3 19 13 2
17 28 40 14 30 6 2 38 17 33 42 18 38 4 46 3 11 3 2
19 31 37 23 37 13 2 53 18 48 36 19 35 10 50 4 28 17 2
36 19 42 24 42 13 5 55 29 43 43 17 41 4 52 2 27 18 2
17 15 33 7 27 5 8 28 23 22 29 7 28 0 32 3 16 12 2
31 14 43 11 21 6 6 24 18 22 39 11 35 0 38 4 12 9 2
18 14 33 7 21 3 2 25 12 24 35 10 30 5 33 9 4 3 2
23 9 30 10 29 3 9 27 26 19 26 10 28 0 32 3 19 9 2
30 15 38 16 20 16 2 38 11 39 46 14 45 9 54 9 12 6 2
31 14 34 20 15 30 0 50 16 44 28 22 5 30 40 2 15 20 2
22 22 33 22 33 11 0 48 12 48 34 14 21 19 45 5 12 28 2
18 27 37 17 28 8 1 39 12 38 39 21 34 8 39 10 5 9 2
11 34 39 15 33 3 0 40 7 43 48 12 42 6 51 5 8 8 2
25 11 34 11 29 7 9 31 26 24 29 11 27 1 33 2 19 9 2
28 17 37 17 17 10 4 26 15 25 37 13 33 2 37 5 15 6 2
12 33 34 20 21 6 0 30 1 39 31 19 26 9 36 6 9 12 2
22 14 23 22 19 8 0 30 3 37 30 20 31 4 30 12 1 6 2
17 15 26 14 9 7 0 18 0 27 21 15 22 6 27 8 4 10 2
32 18 27 33 27 23 2 53 15 51 30 25 17 23 44 4 19 21 2
36 30 28 49 21 34 0 60 21 51 33 51 21 49 46 34 23 7 2
20 12 25 15 18 6 3 24 8 28 28 17 34 1 23 19 3 4 2
24 12 25 20 27 9 15 25 27 23 33 7 20 8 25 10 15 13 2
25 11 26 19 26 10 17 23 26 24 33 7 22 6 21 14 12 16 2
17 15 28 12 24 8 4 32 16 29 24 12 28 4 32 8 15 17 2
25 25 38 22 34 6 2 42 15 40 44 22 56 4 48 22 8 12 2
68 16 81 15 44 16 17 48 42 36 74 17 66 11 80 8 39 16 2
51 33 72 24 58 14 10 68 45 46 76 28 77 11 90 9 31 13 2
49 23 62 22 54 18 18 60 50 41 55 23 56 4 65 5 44 16 2
56 28 82 14 47 25 17 61 53 38 75 29 70 10 79 11 27 13 2
55 41 58 50 63 21 38 53 58 46 69 48 69 21 62 38 24 26 2
40 65 72 48 79 26 11 101 69 59 55 57 63 35 92 20 81 17 2
63 33 88 20 33 39 7 71 34 57 75 29 50 38 86 13 37 29 2
60 24 82 14 40 20 15 50 37 41 73 18 70 0 74 6 38 12 2
43 29 60 24 54 18 1 77 46 45 46 32 48 24 80 4 38 34 2
52 20 71 13 59 13 22 56 58 33 53 25 58 2 69 1 44 16 2
54 30 87 9 49 23 28 50 61 30 89 15 91 5 102 6 34 14 2
44 47 59 45 52 26 0 84 16 82 74 38 63 25 74 25 18 26 2
50 41 70 34 54 24 0 84 24 74 79 33 67 29 83 25 21 27 2
24 60 52 44 49 11 0 65 7 71 65 26 56 14 70 10 27 23 2
22 23 36 18 28 8 1 39 8 42 52 8 36 18 41 22 12 6 3
16 20 28 17 26 10 0 40 18 32 40 0 21 7 29 6 24 4 3
30 25 37 29 27 28 7 53 32 40 41 19 23 22 45 9 36 9 3
29 16 32 22 17 10 2 28 2 38 35 15 21 14 33 9 19 2 3
29 16 32 22 17 10 2 28 2 38 35 15 21 14 33 9 19 2 3
30 15 40 14 18 9 2 28 5 35 43 7 30 5 29 13 20 1 3
13 19 31 9 26 6 2 34 14 31 36 0 23 5 25 10 25 3 3
15 17 32 8 26 6 2 34 16 29 36 0 24 8 31 9 30 2 3
30 15 40 14 18 9 2 28 5 35 43 7 30 5 29 13 20 1 3
13 19 31 9 26 6 2 34 14 31 36 0 23 5 25 10 25 3 3
15 17 32 8 26 6 2 34 16 29 36 0 24 8 31 9 30 2 3
16 20 33 12 28 8 2 38 9 41 37 3 18 10 29 6 26 2 3
16 29 33 21 21 6 0 30 3 37 40 10 30 5 33 9 13 8 3
21 19 41 7 19 5 2 25 12 24 40 5 28 7 38 4 13 8 3
22 23 34 20 23 4 0 30 8 32 35 15 26 19 25 29 23 4 3
36 6 38 11 8 27 4 36 11 37 42 14 18 31 38 18 20 1 3
14 31 33 21 29 7 0 40 9 41 49 11 27 15 33 16 13 1 3
16 16 29 11 29 3 2 34 17 28 36 0 16 8 27 3 23 1 3
32 18 39 21 26 14 0 44 3 52 49 17 28 20 30 26 10 6 3
30 15 33 21 15 12 3 27 3 37 41 9 25 20 26 28 24 3 3
22 23 36 18 21 6 0 30 6 34 41 9 27 13 31 17 21 3 3
28 17 39 15 17 10 0 30 5 35 41 9 26 9 27 15 14 7 3
30 15 41 13 19 8 1 29 5 35 40 10 22 13 31 11 16 5 3
23 22 35 19 26 10 0 40 13 37 53 7 30 12 36 13 11 3 3
22 10 32 8 22 10 4 32 20 25 35 1 23 9 27 13 29 3 3
25 25 40 20 24 6 0 33 4 40 41 14 28 12 26 22 17 7 3
10 35 35 19 39 6 0 50 25 35 46 4 27 8 30 12 31 4 3
19 17 25 20 27 9 0 40 19 31 37 3 25 7 25 15 29 3 3
18 32 38 22 33 7 0 44 4 51 55 11 28 32 58 12 11 9 3
14 18 24 16 24 8 0 36 10 35 32 4 18 14 20 20 24 8 3
15 17 27 13 20 4 0 27 0 36 36 9 26 9 35 7 5 2 3
25 35 38 34 27 33 22 43 36 42 49 16 11 39 35 25 42 8 3
26 19 31 23 19 8 0 30 0 40 39 11 29 11 30 18 17 7 3
18 14 28 12 14 2 0 18 0 27 22 14 19 5 18 12 11 1 3
24 16 40 8 17 7 2 25 7 29 39 6 30 10 30 18 19 5 3
15 17 31 9 20 4 2 25 6 30 38 7 27 8 28 14 6 1 3
12 20 29 11 27 5 2 34 11 34 35 1 17 11 25 10 26 2 3
27 23 35 25 24 6 0 33 3 41 41 14 36 9 32 22 23 4 3
15 17 23 17 18 6 0 27 8 28 40 5 24 6 28 8 4 2 3
15 25 32 16 24 8 0 36 7 38 47 7 22 20 39 10 11 3 3
29 16 35 19 10 17 0 30 0 40 39 11 10 25 28 14 20 1 3
24 12 25 20 25 11 0 40 4 46 37 3 8 20 24 11 25 3 3
28 27 40 26 21 23 9 39 20 40 53 19 25 29 43 20 7 11 3
25 25 39 21 26 14 0 44 14 41 59 7 35 13 39 17 10 6 3
16 12 24 11 23 5 0 32 7 33 30 2 21 7 20 15 25 3 3
11 21 27 13 26 6 0 36 8 37 31 5 23 9 21 19 26 6 3
10 26 24 21 28 8 0 40 12 38 34 6 23 5 21 14 16 12 3
15 25 39 9 20 4 1 26 8 28 41 4 30 5 37 5 11 10 3
23 17 38 10 16 8 1 26 11 25 40 5 26 14 28 20 22 2 3
20 12 31 9 18 6 2 25 9 27 42 3 25 10 32 10 6 1 3
31 19 42 18 20 10 3 30 5 39 46 9 25 25 45 15 21 9 3
25 20 41 13 26 10 2 38 12 38 56 4 33 15 42 14 11 5 3
30 15 40 14 25 11 2 38 13 37 54 6 37 11 42 14 10 6 3
23 17 37 11 19 5 1 26 4 32 37 8 31 9 33 15 23 1 3
32 13 42 12 23 4 2 28 10 30 43 7 29 6 37 5 16 5 3
21 11 32 8 22 10 0 36 13 32 36 0 16 12 27 8 27 1 3
24 16 27 23 31 9 3 41 10 45 41 3 16 20 27 18 31 5 3
23 9 28 12 13 3 2 16 2 25 28 8 20 4 24 6 11 1 3
16 16 28 12 25 7 3 33 14 31 36 0 25 7 27 13 29 3 3
24 16 34 14 18 6 1 26 5 31 36 9 31 9 29 19 23 1 3
23 27 39 21 24 6 0 33 3 41 39 16 32 8 31 17 17 7 3
24 26 39 21 23 7 0 33 3 41 40 15 33 7 28 20 17 7 3
23 17 33 15 14 10 0 27 6 30 38 7 21 19 27 21 23 1 3
15 17 30 10 23 9 2 34 14 31 35 1 20 12 27 13 28 4 3
24 21 29 25 13 14 0 30 0 40 35 15 18 17 32 10 21 0 3
22 10 29 11 26 6 1 35 21 24 33 3 26 2 26 9 25 3 3
16 34 42 18 34 6 0 44 11 44 61 5 41 13 50 13 11 7 3
10 26 31 14 29 7 0 40 3 47 36 4 21 15 24 21 32 4 3
34 20 54 9 29 7 2 38 18 32 55 5 48 6 45 18 24 12 3
18 14 32 8 27 5 3 33 21 24 36 0 25 3 27 8 27 1 3
34 20 54 9 29 7 2 38 18 32 55 5 48 6 45 18 24 12 3
32 13 42 12 20 7 2 28 8 32 43 7 31 9 40 8 18 6 3
28 17 37 17 21 6 1 29 6 34 39 11 27 13 36 12 21 3 3
18 14 32 8 25 7 3 33 21 24 36 0 22 6 29 6 27 1 3
28 17 34 20 18 9 2 28 2 38 39 11 28 17 39 15 24 3 3
18 14 29 11 27 5 1 35 20 25 34 2 21 11 23 17 32 0 3
33 12 37 17 13 32 0 50 24 36 35 15 9 26 31 11 31 4 3
37 17 43 20 10 26 2 38 4 46 49 11 9 39 38 18 28 4 3
18 14 25 15 17 7 0 27 13 23 40 5 26 14 32 16 7 1 3
19 21 31 17 15 17 0 36 12 33 43 11 27 15 35 14 13 1 3
19 13 29 11 20 4 2 25 9 27 41 4 33 7 36 12 5 3 3
25 15 42 6 18 6 2 25 11 25 40 5 34 6 36 12 17 7 3
28 12 42 6 18 6 3 24 13 23 42 3 35 5 37 11 17 7 3
23 21 29 26 32 12 0 48 9 51 43 5 20 20 29 21 33 7 3
32 8 31 19 35 5 26 18 29 26 44 0 24 8 40 0 21 11 3
10 35 32 22 33 3 0 40 12 38 51 9 32 10 40 9 11 3 3
16 16 25 15 17 7 0 27 7 29 38 7 23 12 24 18 6 1 3
18 14 25 15 17 7 2 25 4 32 37 8 26 14 28 20 7 1 3
24 72 72 36 65 19 0 91 50 54 105 12 75 33 98 22 29 31 3
35 43 53 38 62 16 0 84 33 65 78 6 54 12 50 27 52 14 3
42 42 71 25 47 13 7 58 22 56 82 9 49 21 71 9 38 12 3
48 36 77 19 47 13 6 59 28 50 85 6 58 12 69 11 39 11 3
47 19 60 17 49 17 4 68 48 36 69 3 47 13 57 13 54 6 3
78 18 82 26 54 18 2 76 5 86 95 9 67 21 67 32 65 1 3
55 29 67 29 41 31 5 73 39 52 99 5 59 29 78 21 35 9 3
53 24 68 20 30 25 3 57 13 59 78 6 37 40 61 27 49 6 3
52 32 82 14 53 19 5 73 43 48 101 3 69 11 76 14 29 11 3
62 43 88 32 50 55 1 111 38 90 95 17 35 56 56 48 59 32 3
33 51 59 37 48 12 0 65 19 59 74 17 53 24 55 33 41 14 3
31 53 63 33 68 16 3 88 47 57 69 22 55 22 60 28 52 25 3
0 40 24 24 10 14 12 15 30 6 25 20 9 21 19 17 14 4 4
2 48 43 17 4 46 35 20 58 8 40 15 20 20 28 20 39 1 4
1 44 31 23 0 36 14 26 34 16 12 48 20 34 34 29 18 0 4
4 41 38 16 1 26 15 15 37 3 35 15 19 16 30 12 19 2 4
2 38 31 19 6 34 34 10 48 7 31 13 0 32 4 36 24 8 4
2 38 31 19 6 34 34 10 48 7 31 13 0 32 4 36 24 8 4
4 50 42 21 0 36 17 23 46 4 32 28 23 19 37 12 24 4 4
4 50 42 21 0 36 17 23 46 4 32 28 23 19 37 12 24 4 4
0 32 9 31 19 13 12 24 37 8 20 16 17 15 24 16 31 1 4
0 40 22 26 8 16 6 21 25 11 34 11 24 16 35 13 23 1 4
2 52 43 20 0 36 11 29 42 8 19 41 24 24 39 17 30 2 4
35 31 41 36 0 44 42 6 46 14 57 15 0 54 13 50 29 7 4
15 30 38 16 0 36 31 9 34 16 32 28 29 25 43 20 18 0 4
2 43 37 17 2 25 13 17 35 5 29 21 17 18 29 13 19 2 4
0 40 27 21 6 18 5 22 27 9 23 22 23 17 34 14 24 0 4
0 50 25 35 19 31 22 33 48 18 44 11 23 17 31 17 38 2 4
0 32 16 24 12 12 8 19 30 6 30 15 25 15 39 9 8 0 4
0 32 16 24 12 12 8 19 30 6 30 15 25 15 39 9 8 0 4
0 40 27 21 3 29 12 24 35 10 18 36 28 20 47 9 11 5 4
0 28 15 20 11 17 12 20 35 5 16 16 20 4 27 3 23 1 4
1 44 37 17 1 44 25 25 42 18 15 35 26 19 33 21 42 3 4
0 32 11 29 10 22 14 22 32 13 15 21 10 22 16 24 30 2 4
1 44 33 21 0 36 19 21 35 15 16 44 33 21 46 17 13 5 4
10 50 36 34 0 40 30 14 37 18 38 28 11 49 32 38 24 16 4
0 45 30 24 0 36 14 26 35 15 17 43 29 19 42 14 14 2 4
0 40 26 22 2 22 6 21 27 9 21 24 24 16 37 11 20 4 4
0 45 24 30 6 30 12 28 40 10 37 23 35 19 50 13 15 3 4
0 32 12 28 19 13 12 24 37 8 15 21 22 10 30 10 31 1 4
0 45 24 30 13 23 15 25 42 8 40 20 20 22 39 10 10 4 4
3 42 39 15 0 36 20 20 40 10 22 38 27 21 41 15 15 1 4
0 40 27 21 8 16 6 21 27 9 40 5 23 17 36 12 24 0 4
0 50 23 37 12 38 17 38 44 22 20 35 27 23 33 27 49 1 4
3 42 38 16 2 34 24 16 38 12 28 32 23 19 39 10 10 4 4
2 38 33 15 0 24 10 17 32 4 21 24 18 12 26 10 17 1 4
1 39 31 17 1 23 6 21 29 7 21 24 19 16 28 14 20 1 4
6 39 43 11 0 45 34 16 55 5 25 25 18 22 25 23 40 0 4
2 58 49 21 1 39 14 30 45 10 55 11 22 26 41 15 28 4 4
0 45 29 25 4 32 16 24 38 12 21 39 26 22 43 13 12 4 4
1 39 28 20 0 24 8 19 26 10 12 33 19 16 29 13 18 3 4
1 39 28 20 0 24 9 18 27 9 13 32 19 16 30 12 19 2 4
1 39 30 18 3 21 12 15 31 5 16 29 14 21 22 20 19 2 4
0 32 19 21 11 13 12 15 32 4 28 17 20 15 33 9 7 0 4
0 28 16 19 2 12 2 14 12 12 11 21 19 9 27 8 14 0 4
2 26 20 15 0 28 25 7 18 22 21 11 4 16 5 20 19 1 4
0 32 13 27 17 7 9 18 30 6 36 9 18 12 31 5 5 1 4
1 44 33 21 5 31 15 25 46 4 32 28 24 24 41 15 13 3 4
2 38 37 11 1 23 9 18 31 5 36 9 24 11 33 9 20 1 4
1 39 31 17 0 24 7 20 30 6 34 11 17 18 31 11 21 0 4
0 32 19 21 14 18 16 20 39 6 23 13 19 13 25 15 32 0 4
0 32 17 23 13 19 16 20 41 4 19 17 12 16 21 14 27 1 4
4 41 37 17 0 27 13 17 37 3 26 24 14 21 27 15 17 4 4
0 45 19 35 16 20 9 31 36 14 47 13 34 20 51 12 15 3 4
0 66 41 36 9 46 24 36 55 17 62 22 11 52 44 28 15 12 4
1 39 32 16 0 24 6 21 28 8 32 13 20 20 34 14 22 2 4
1 39 32 16 1 31 16 20 38 7 20 34 28 20 48 8 13 3 4
1 39 35 13 3 21 6 21 29 7 28 17 17 23 29 19 24 0 4
1 39 29 19 1 23 9 18 29 7 23 22 22 18 34 14 19 5 4
1 44 31 23 1 26 12 18 31 9 29 21 19 16 31 11 18 3 4
0 32 23 17 1 31 19 17 27 18 11 25 15 13 21 14 26 2 4
0 36 23 22 2 25 12 18 27 13 4 46 19 16 30 12 6 1 4
0 32 22 18 0 16 5 13 18 9 7 29 19 13 23 17 16 0 4
0 40 24 24 1 31 9 27 29 16 10 44 27 21 42 14 12 4 4
0 32 12 28 11 21 12 24 30 15 18 18 14 10 20 10 22 2 4
7 25 23 17 0 24 19 8 30 6 26 19 2 28 16 20 2 4 4
1 44 32 22 0 36 15 25 33 17 14 46 28 26 43 20 14 4 4
3 52 40 26 0 44 31 17 45 15 35 37 4 50 24 39 10 8 4
0 32 19 21 3 21 7 20 26 10 21 24 26 14 32 16 8 0 4
0 32 22 18 2 22 12 15 25 11 16 29 15 15 25 11 5 1 4
0 50 22 38 4 26 10 23 30 14 23 32 9 41 23 37 21 9 4
0 28 8 27 5 9 2 14 10 14 10 22 15 13 22 13 13 1 4
0 32 14 26 7 9 4 14 14 13 15 21 6 18 10 20 12 0 4
1 31 22 18 0 16 6 12 17 10 10 26 15 13 24 11 12 2 4
1 31 22 18 0 24 12 15 23 13 11 34 19 16 34 8 3 4 4
0 40 26 22 4 20 8 19 27 9 25 20 19 16 31 11 19 2 4
0 40 24 24 6 18 5 22 24 12 24 21 21 19 37 11 18 6 4
0 45 32 22 0 27 6 24 29 11 34 16 24 11 34 8 20 1 4
2 48 37 23 3 47 34 21 48 18 34 21 13 37 22 38 40 10 4
0 32 15 25 16 16 16 20 36 9 24 12 16 16 24 16 32 0 4
0 32 12 28 14 18 12 24 32 13 19 17 18 10 23 12 27 1 4
0 45 28 26 8 28 17 23 38 12 23 37 30 18 45 11 12 4 4
0 50 33 27 9 41 27 28 51 15 36 19 24 16 31 17 37 3 4
1 44 31 23 3 42 24 26 36 24 14 36 22 18 30 18 36 4 4
3 51 45 18 0 36 15 25 42 8 30 30 23 25 38 18 28 4 4
0 36 15 30 24 12 20 20 43 7 26 14 10 18 16 19 28 0 4
0 32 12 28 22 10 16 20 39 6 26 10 11 13 15 15 24 0 4
0 40 24 24 12 12 6 21 26 10 35 10 19 16 30 12 19 2 4
0 40 23 25 14 10 6 21 26 10 39 6 19 16 28 14 20 1 4
0 45 24 30 12 33 23 27 39 21 20 30 19 21 27 21 36 4 4
0 40 26 22 6 18 8 19 27 9 19 26 25 15 36 12 21 3 4
0 50 17 43 19 31 21 34 35 31 18 37 19 21 24 24 37 3 4
0 32 9 31 25 7 14 22 40 5 24 12 16 12 22 13 27 1 4
0 36 21 24 14 22 24 16 44 6 23 17 12 16 17 18 26 2 4
0 45 19 35 21 6 6 24 26 14 42 8 28 17 42 12 24 3 4
0 45 23 31 22 14 15 25 41 9 43 17 27 21 45 11 14 2 4
0 32 13 27 12 20 16 20 30 15 14 22 16 12 24 11 24 4 4
13 71 58 38 0 60 48 17 54 24 43 48 2 68 30 50 18 32 4
0 45 24 30 17 19 12 28 41 9 28 32 24 24 43 13 14 2 4
4 101 81 39 18 87 76 36 101 27 96 16 21 77 44 68 92 6 4
1 76 57 31 26 51 42 42 93 3 52 32 47 30 64 24 70 7 4
4 80 70 26 12 72 55 36 80 24 44 47 52 25 64 24 72 5 4
32 4 38 7 18 18 35 5 35 15 27 13 20 8 26 9 24 4 5
31 1 35 5 19 13 36 0 38 7 26 10 24 8 25 15 31 1 5
22 18 44 6 13 27 22 22 47 8 40 4 14 26 32 18 35 5 5
27 13 32 16 15 9 19 8 27 9 29 16 30 5 30 12 21 0 5
40 5 35 19 14 13 26 4 32 8 31 19 31 14 30 24 23 4 5
41 4 31 23 8 19 20 10 25 15 36 14 26 14 35 13 18 6 5
43 2 34 20 15 12 23 7 30 10 31 19 29 11 27 21 20 4 5
31 1 29 11 9 15 26 1 29 7 31 14 22 18 36 12 6 2 5
32 4 29 16 14 22 35 5 29 21 19 21 20 16 23 22 33 3 5
48 2 37 23 12 28 40 4 38 17 42 24 38 10 45 11 11 5 5
48 2 35 25 12 28 38 6 35 20 41 25 38 10 43 13 11 5 5
30 2 34 6 14 10 26 1 28 8 29 16 27 13 32 16 7 1 5
31 14 34 20 9 18 21 9 32 8 28 22 14 21 29 13 18 3 5
31 14 34 20 9 18 21 9 32 8 28 22 14 21 29 13 18 3 5
30 6 35 10 19 17 24 16 31 19 32 8 10 18 28 7 25 3 5
20 16 39 6 16 20 24 16 32 18 31 9 23 5 27 8 23 5 5
39 6 39 15 13 14 15 15 24 16 36 14 22 18 33 15 17 7 5
23 9 33 7 20 12 29 7 34 11 22 14 20 12 23 17 28 4 5
23 9 33 7 20 12 29 7 34 11 22 14 20 12 23 17 28 4 5
42 6 47 9 13 35 24 30 43 20 32 22 1 35 27 15 32 4 5
39 6 34 20 20 16 20 20 32 18 34 26 21 27 30 26 13 3 5
27 5 33 7 22 10 32 4 34 11 24 12 23 9 27 13 26 6 5
49 1 45 15 20 20 31 13 35 20 48 18 36 12 40 16 12 4 5
44 1 43 11 15 12 26 4 33 7 36 14 30 15 36 18 22 5 5
22 10 30 10 16 16 18 18 29 16 23 13 13 19 17 23 28 4 5
29 16 34 20 14 13 13 17 26 14 34 16 24 16 33 15 17 7 5
43 2 35 19 12 15 18 12 26 14 29 21 24 11 28 14 20 1 5
14 31 43 11 25 20 28 22 51 9 37 13 26 14 37 11 35 5 5
38 7 37 17 18 18 22 18 32 18 36 24 26 28 32 31 13 5 5
41 4 30 24 15 21 31 9 30 20 37 23 31 23 35 28 14 4 5
26 19 34 20 19 17 28 12 36 14 34 26 30 24 34 29 14 4 5
39 1 33 15 6 18 13 14 24 12 32 13 14 21 28 14 16 5 5
35 1 39 6 20 16 32 8 36 14 32 8 22 6 29 6 27 1 5
39 1 36 12 8 16 22 5 32 4 32 13 18 22 33 15 21 3 5
37 8 42 12 9 27 23 17 36 14 41 19 21 21 42 7 10 4 5
29 3 33 7 14 10 27 0 30 6 31 14 27 13 36 12 6 2 5
37 13 29 31 12 18 24 9 31 13 30 25 25 20 29 25 26 1 5
28 4 34 6 17 7 23 4 28 8 34 11 21 14 30 12 6 1 5
36 0 35 10 20 16 28 12 29 21 29 11 17 11 21 14 23 5 5
32 0 27 13 13 11 21 6 25 11 28 17 23 12 28 14 6 1 5
26 2 28 7 18 10 22 10 28 12 23 9 21 7 20 15 25 3 5
26 2 28 7 16 12 20 12 27 13 25 7 21 7 20 15 25 3 5
45 5 51 9 24 16 25 19 28 27 56 10 41 13 44 19 7 11 5
23 17 25 25 11 19 15 18 17 27 24 31 12 33 27 27 7 2 5
21 11 26 14 6 10 12 6 23 4 18 18 16 12 17 18 13 1 5
31 5 30 15 14 13 26 4 30 10 25 25 24 16 28 20 8 0 5
16 24 44 4 19 5 12 15 36 0 38 7 26 9 35 7 11 10 5
31 14 32 22 14 13 16 14 27 13 28 22 25 20 26 28 22 5 5
18 14 36 4 21 11 29 7 38 7 28 8 21 7 25 10 26 2 5
28 12 40 8 13 11 17 10 35 1 35 10 27 13 36 12 18 6 5
24 8 34 6 18 14 20 16 32 13 21 15 14 18 21 19 29 3 5
39 11 47 13 24 16 30 14 37 18 47 19 36 12 45 11 11 5 5
39 11 49 11 24 16 23 21 37 18 51 15 34 14 43 13 13 3 5
31 9 34 14 11 13 12 15 24 12 33 12 17 18 27 15 17 4 5
23 9 34 6 20 12 28 8 35 10 25 11 16 16 25 15 29 3 5
23 9 34 6 20 12 28 8 35 10 25 11 16 16 25 15 29 3 5
35 5 35 13 14 10 23 4 31 5 31 14 26 14 30 18 20 4 5
23 9 33 7 19 13 28 8 34 11 26 10 16 12 24 11 27 1 5
35 10 46 8 26 19 35 15 43 17 38 12 21 14 36 6 32 3 5
42 3 41 13 8 28 35 5 38 12 41 19 37 5 46 3 11 3 5
29 3 33 7 21 11 32 4 32 13 26 10 24 8 28 12 26 6 5
33 3 32 13 12 24 23 17 28 22 25 15 16 12 23 12 22 6 5
27 5 32 8 15 9 27 0 34 2 30 15 26 9 32 10 6 1 5
22 10 32 8 17 15 33 3 36 9 23 13 15 13 23 12 24 4 5
23 22 40 14 20 16 20 20 39 11 35 25 31 23 40 23 11 7 5
27 18 39 15 15 12 17 13 35 5 32 18 25 20 26 28 23 4 5
39 16 45 21 25 30 44 16 47 25 39 21 26 19 41 13 39 6 5
24 12 33 12 22 14 31 9 37 13 25 15 20 12 36 4 30 2 5
35 1 27 18 13 14 22 8 26 14 35 15 32 3 31 11 7 0 5
24 16 36 12 11 13 13 14 28 8 30 15 19 21 32 16 17 7 5
25 15 41 7 15 9 13 14 28 8 36 9 25 15 35 13 18 6 5
41 4 40 14 23 13 27 13 37 13 37 23 32 22 44 19 15 3 5
31 1 30 10 15 17 34 2 34 11 24 12 22 10 26 14 29 3 5
21 11 30 10 16 16 20 16 29 16 25 11 18 14 22 18 30 2 5
27 5 28 12 16 16 27 9 30 15 21 15 12 20 16 24 29 3 5
33 7 32 16 4 20 11 16 27 9 30 15 11 29 24 24 23 1 5
24 12 31 14 16 20 27 13 32 18 23 17 18 10 18 17 22 6 5
35 1 29 16 10 17 16 14 22 18 27 23 18 27 32 22 6 3 5
29 3 27 13 9 15 24 3 24 12 27 18 20 15 25 17 6 1 5
31 1 28 12 13 11 15 12 19 17 31 14 23 7 24 12 5 1 5
35 1 29 16 17 19 30 10 28 22 22 18 21 15 23 22 28 8 5
28 4 24 16 9 7 14 4 19 8 19 17 16 8 17 13 11 1 5
80 18 89 23 55 43 55 50 65 55 83 22 56 28 67 29 69 15 5
74 17 78 26 51 40 71 27 76 36 74 24 47 37 73 23 66 18 5
65 26 69 35 31 34 45 25 58 26 62 36 56 21 55 33 43 12 5
67 24 49 55 22 56 59 25 53 45 74 38 34 62 78 30 35 13 5
71 13 81 15 28 32 61 4 69 9 78 13 61 16 76 12 44 11 5
55 17 73 11 45 27 71 7 72 19 61 17 52 14 64 13 50 16 5
61 5 62 15 31 35 72 0 64 20 47 25 48 18 53 24 56 10 5
57 20 70 18 24 31 49 11 66 6 67 17 53 24 67 21 43 12 5
72 5 74 14 25 30 60 0 67 5 67 17 57 20 70 18 46 9 5
51 37 86 13 12 54 29 43 60 24 78 18 66 22 80 19 56 10 5
66 18 79 17 26 34 49 16 68 10 72 19 47 23 67 13 44 6 5
78 13 77 27 41 37 59 25 63 35 82 30 66 30 82 26 32 16 5
78 6 66 30 36 36 63 15 59 32 69 35 46 50 51 57 35 13 5
76 8 76 20 33 39 51 27 62 29 77 27 42 38 75 15 29 11 5
56 28 71 25 23 37 48 17 59 19 73 18 45 25 61 19 38 12 5
65 19 81 15 34 26 54 11 64 14 74 17 57 20 70 18 49 6 5
58 14 62 22 37 35 54 24 64 27 55 23 31 41 54 30 69 3 5
64 20 70 26 28 32 29 36 46 32 73 18 51 26 56 32 31 24 5
0 32 16 24 13 19 16 20 42 3 19 17 24 4 29 6 24 4 6
2 34 32 13 3 33 23 17 46 4 18 22 28 4 28 12 30 2 6
9 36 42 12 1 35 29 11 43 7 43 17 26 16 43 6 10 4 6
1 44 33 21 1 26 8 22 32 8 37 13 32 8 34 14 21 3 6
2 30 25 15 11 21 27 9 38 7 26 10 21 7 28 7 25 3 6
6 34 34 14 0 24 14 13 35 1 33 12 27 13 28 20 21 3 6
0 36 18 27 16 20 24 16 44 6 21 19 28 8 27 18 30 6 6
0 36 18 27 16 20 24 16 44 6 21 19 28 8 27 18 30 6 6
0 32 19 21 11 21 20 16 39 6 22 14 20 12 26 14 27 5 6
1 39 29 19 2 22 9 18 30 6 37 8 27 13 36 12 21 3 6
0 32 19 21 11 21 20 16 39 6 22 14 20 12 26 14 27 5 6
1 39 29 19 2 22 9 18 30 6 37 8 27 13 36 12 21 3 6
1 44 33 21 7 20 13 17 35 5 21 29 22 13 38 4 15 6 6
1 39 30 18 4 20 10 17 31 5 39 6 32 8 33 15 21 3 6
0 32 16 24 15 17 22 14 35 10 29 7 21 7 29 6 22 6 6
0 32 7 33 23 9 12 24 38 7 26 10 27 5 30 10 29 3 6
28 4 39 1 17 7 27 0 33 3 35 10 31 4 38 4 5 2 6
9 36 43 11 1 26 22 8 38 2 35 15 28 12 36 12 18 6 6
9 31 37 11 0 24 21 6 36 0 34 11 21 14 35 7 18 3 6
0 40 20 28 6 26 14 22 40 5 42 12 27 9 39 3 9 3 6
4 36 39 9 0 24 10 17 33 3 33 12 31 9 37 11 21 3 6
1 31 23 17 7 25 18 18 45 0 17 19 25 7 29 11 30 2 6
5 40 41 13 0 27 16 14 37 3 34 16 32 8 36 12 19 5 6
2 34 32 13 6 30 29 11 42 8 23 17 22 6 26 9 26 2 6
2 30 26 14 13 19 24 12 40 5 29 7 14 10 27 3 21 3 6
4 28 28 12 11 21 26 10 41 4 28 8 22 10 32 8 28 4 6
1 35 20 25 17 19 27 13 38 12 30 10 21 7 24 11 24 4 6
0 32 14 26 19 13 15 21 41 4 25 11 22 10 31 9 28 4 6
11 34 40 14 0 27 23 7 38 2 35 15 25 10 29 13 18 3 6
1 31 21 19 12 20 20 16 44 1 24 12 20 12 31 9 24 8 6
2 30 27 13 7 25 26 10 39 6 25 11 21 7 26 9 27 1 6
2 30 25 15 7 25 25 11 42 3 22 14 25 7 28 12 29 3 6
2 30 25 15 8 24 27 9 40 5 25 11 28 4 25 15 28 4 6
1 44 32 22 8 19 10 20 33 7 39 11 30 5 30 12 18 3 6
0 32 19 21 15 17 20 16 41 4 19 17 25 7 26 14 30 2 6
6 39 41 13 4 32 29 11 45 5 44 16 33 9 42 7 10 4 6
0 36 8 37 25 11 18 22 40 10 26 14 32 4 26 19 30 6 6
1 44 30 24 14 22 26 14 44 6 47 13 35 7 42 7 9 5 6
2 30 26 14 8 24 27 9 42 3 21 15 24 4 25 10 26 2 6
0 36 17 28 9 9 6 14 18 12 30 10 31 5 27 18 15 3 6
1 35 23 22 15 21 30 10 37 13 25 15 24 4 24 11 25 3 6
0 32 20 20 21 11 19 17 36 9 23 13 23 5 28 7 27 1 6
1 44 28 26 8 28 22 18 42 8 33 27 42 12 35 28 15 3 6
1 44 29 25 13 14 12 18 30 10 34 16 30 5 28 14 18 3 6
0 32 23 17 4 20 9 18 31 5 30 15 30 10 28 20 7 1 6
1 31 20 20 10 14 14 13 32 4 34 11 24 11 31 11 6 1 6
0 32 19 21 12 20 20 16 38 7 26 10 18 10 28 7 24 4 6
0 32 20 20 8 16 18 9 26 10 28 17 22 8 31 5 4 2 6
0 36 16 29 15 21 25 15 37 13 21 19 23 9 18 22 25 7 6
0 32 17 23 18 14 22 14 40 5 25 11 25 7 31 9 28 4 6
1 39 26 22 8 16 10 17 30 6 39 6 32 8 33 15 21 3 6
2 43 36 18 17 19 24 16 46 4 48 12 35 7 44 5 11 3 6
0 36 16 29 23 13 22 18 43 7 29 11 29 7 31 14 29 7 6
12 33 39 15 0 27 23 7 38 2 37 13 29 11 36 12 23 1 6
12 33 40 14 0 27 25 5 38 2 38 12 26 9 32 10 20 1 6
0 50 29 31 13 17 15 18 34 10 41 14 32 8 35 13 21 3 6
0 36 13 32 22 14 21 19 41 9 20 20 30 6 25 20 29 7 6
3 25 27 8 1 20 15 9 30 2 28 12 27 8 31 11 6 1 6
0 36 16 29 21 15 19 21 45 5 22 18 30 6 35 10 32 4 6
1 44 35 19 3 24 11 19 34 6 38 12 38 7 41 13 22 5 6
1 39 32 16 3 21 6 21 29 7 34 11 31 9 29 19 21 3 6
28 12 35 13 26 6 31 5 36 9 33 21 41 7 42 14 13 3 6
0 36 13 32 18 9 14 16 32 8 26 24 30 10 22 26 7 1 6
0 32 15 25 19 13 15 21 40 5 23 13 24 8 25 15 27 5 6
0 32 15 25 18 14 18 18 42 3 23 13 22 10 30 10 29 3 6
8 32 37 11 0 24 18 9 36 0 33 12 34 6 33 15 20 4 6
1 31 24 16 7 17 15 12 32 4 34 11 28 7 35 7 6 1 6
1 31 21 19 12 12 15 12 33 3 35 10 29 6 33 9 6 1 6
0 32 14 26 19 13 19 17 40 5 28 8 22 6 29 6 25 3 6
5 27 31 9 5 27 30 6 38 7 25 11 21 7 26 9 25 3 6
31 9 40 10 34 6 44 0 43 12 31 13 29 3 30 10 32 0 6
40 10 41 19 25 5 33 0 39 5 38 17 36 4 34 14 24 0 6
2 43 40 14 4 32 22 18 46 4 37 23 30 12 45 4 10 4 6
1 54 29 37 25 19 27 21 45 15 54 18 29 37 59 18 13 9 6
0 45 23 31 32 13 26 24 54 6 40 10 33 12 41 13 39 6 6
0 45 25 29 30 15 29 21 52 8 38 12 38 7 42 12 39 6 6
2 52 42 21 14 22 20 20 46 4 52 8 47 7 50 13 29 7 6
0 45 23 31 32 13 26 24 54 6 40 10 33 12 41 13 39 6 6
0 45 25 29 30 15 29 21 52 8 38 12 38 7 42 12 39 6 6
2 52 42 21 14 22 20 20 46 4 52 8 47 7 50 13 29 7 6
24 12 31 14 22 14 32 8 39 11 27 13 21 7 30 5 28 0 6
0 36 17 28 22 14 23 17 42 8 31 9 18 10 28 7 25 3 6
3 37 31 17 4 20 15 12 34 2 38 7 35 5 40 8 21 3 6
1 31 21 19 16 16 25 11 40 5 26 10 21 7 29 6 25 3 6
2 30 27 13 7 25 27 9 39 6 21 15 25 3 24 11 26 2 6
0 36 20 25 12 24 24 16 44 6 22 18 24 4 24 11 25 3 6
26 14 34 14 2 22 27 0 34 2 28 17 28 12 31 17 21 3 6
4 28 27 13 1 23 16 11 33 3 27 18 21 14 23 19 6 1 6
26 10 29 16 25 11 30 10 32 18 22 18 16 12 24 11 21 7 6
0 32 19 21 7 17 12 15 29 7 32 13 27 8 26 16 6 1 6
2 48 37 23 5 25 18 15 35 9 41 14 35 10 32 22 21 6 6
0 36 19 26 12 24 23 17 36 14 26 14 18 10 18 17 25 3 6
20 64 77 19 1 71 67 11 80 11 74 30 64 16 85 5 26 14 6
6 78 73 23 21 39 40 25 74 4 83 8 67 10 80 8 43 12 6
1 119 56 79 74 31 72 40 110 18 131 13 44 73 80 50 20 45 6
1 65 38 39 33 33 40 32 77 7 52 20 55 11 57 20 56 10 6
6 78 74 22 6 54 32 33 73 5 67 24 59 18 70 18 39 16 6
0 84 48 48 27 33 23 42 68 10 68 23 65 19 72 24 44 16 6
0 84 45 51 32 28 19 46 67 11 70 21 60 24 74 22 48 12 6
19 65 74 22 1 59 53 12 73 5 70 21 52 18 67 13 43 7 6
42 8 30 30 29 1 2 31 1 43 38 17 9 31 28 20 0 24 7
37 8 45 9 36 0 4 36 7 43 42 18 8 40 38 18 0 16 7
44 1 45 9 27 0 5 25 5 35 35 15 4 36 39 9 0 24 7
26 10 34 11 32 4 0 40 21 29 20 20 14 14 29 6 0 28 7
27 9 34 11 34 2 0 40 23 27 23 17 14 14 30 5 0 28 7
22 10 31 9 31 1 1 35 16 29 18 18 10 22 32 8 0 32 7
30 6 36 9 36 0 3 37 12 38 26 14 4 24 31 4 2 26 7
27 5 33 7 21 3 2 25 8 28 33 12 27 13 22 26 0 8 7
30 6 36 9 36 0 3 37 12 38 26 14 4 24 31 4 2 26 7
27 5 33 7 21 3 2 25 8 28 33 12 27 13 22 26 0 8 7
26 6 35 5 22 2 0 27 12 24 27 18 30 5 12 30 0 7 7
26 6 29 11 27 5 3 33 25 20 16 20 25 7 26 14 0 32 7
15 17 26 14 24 0 0 27 6 30 38 7 16 19 30 12 0 7 7
18 14 32 8 32 0 0 36 19 26 24 12 18 14 35 5 0 32 7
25 11 34 11 36 0 1 39 26 24 17 23 22 6 23 12 0 28 7
25 11 34 11 36 0 1 39 26 24 17 23 22 6 23 12 0 28 7
18 27 44 10 33 3 0 40 11 39 35 25 32 22 26 37 0 18 7
42 8 45 15 37 3 0 44 20 35 28 38 41 13 15 48 0 18 7
15 21 29 16 32 4 1 39 31 19 12 28 18 10 24 11 0 28 7
18 14 31 9 23 1 0 27 10 26 26 19 30 10 19 29 0 8 7
27 9 33 12 34 2 1 39 29 21 15 25 22 6 23 12 0 28 7
42 8 44 16 30 0 2 31 3 41 45 10 13 27 36 12 0 24 7
46 4 43 17 30 0 3 30 5 39 45 10 21 24 34 20 0 27 7
28 4 33 7 30 2 2 34 20 25 20 16 16 16 33 7 0 32 7
25 7 26 14 31 1 0 36 16 29 21 15 12 16 30 5 0 28 7
13 23 21 24 33 3 0 40 23 27 19 21 9 19 30 5 0 28 7
28 8 34 11 34 2 4 36 29 21 16 24 29 3 26 14 0 32 7
19 13 32 8 29 3 0 36 16 29 25 11 8 20 31 4 0 28 7
28 4 33 7 32 0 1 35 17 28 22 14 13 19 35 5 0 32 7
24 8 30 10 32 0 0 36 14 31 26 10 6 22 31 4 1 27 7
21 11 29 11 32 0 0 36 18 27 24 12 8 16 27 3 0 24 7
28 17 36 18 25 2 1 29 5 35 33 17 29 16 12 42 0 27 7
27 9 27 18 24 3 0 30 8 32 33 17 30 10 18 30 0 8 7
36 19 49 17 21 12 12 24 15 33 48 12 12 38 46 14 0 30 7
43 2 38 16 27 0 4 26 3 37 43 7 9 31 39 9 0 24 7
29 3 35 5 31 1 3 33 20 25 21 15 16 16 34 6 0 32 7
13 19 25 15 31 1 0 36 17 28 21 15 5 23 33 2 0 28 7
35 15 38 22 27 3 0 33 8 36 42 13 27 13 22 26 0 24 7
27 9 30 15 35 1 0 40 26 24 14 26 17 11 26 9 0 28 7
31 1 30 10 24 0 6 21 5 31 35 10 16 24 30 18 0 8 7
33 12 33 21 25 2 2 28 3 37 37 13 29 16 25 29 0 27 7
29 21 42 18 28 2 0 33 6 38 41 14 29 11 20 28 0 24 7
30 10 32 18 37 3 0 44 24 31 22 22 23 9 25 15 0 32 7
38 12 46 14 30 0 0 33 6 38 39 16 26 14 20 28 0 24 7
20 16 33 12 27 0 0 30 14 26 30 20 30 5 13 29 0 7 7
18 47 40 38 13 39 22 34 25 45 76 8 5 73 67 24 0 26 7
31 1 29 11 24 0 3 24 4 32 35 10 18 22 27 21 0 8 7
32 8 34 14 24 0 0 27 0 36 38 7 8 32 39 9 0 24 7
29 3 28 12 24 0 4 23 6 30 27 18 23 17 15 33 0 8 7
32 4 30 15 26 1 3 27 9 31 27 23 24 11 11 31 0 7 7
21 3 22 10 24 0 1 26 2 34 18 9 0 18 12 12 1 17 7
23 13 27 18 26 1 0 30 7 33 22 28 24 11 7 35 0 7 7
14 22 15 30 16 2 0 20 0 30 22 18 3 25 17 18 0 14 7
21 11 28 12 15 1 0 18 0 27 26 10 13 11 13 17 0 12 7
24 12 23 22 27 0 0 30 2 38 29 21 19 26 22 32 0 9 7
26 6 33 7 32 0 2 34 16 29 26 10 10 22 34 6 1 31 7
16 16 25 15 24 0 0 27 10 26 29 16 24 11 19 23 0 7 7
30 6 35 10 27 0 0 30 6 34 39 11 24 16 25 23 0 8 7
28 4 33 7 31 1 1 35 23 22 19 17 14 14 30 5 0 28 7
23 9 32 8 32 0 0 36 17 28 23 13 11 21 35 5 0 32 7
27 5 32 8 24 0 0 27 11 25 32 13 29 6 16 26 0 7 7
30 2 36 4 32 0 10 26 13 32 29 7 3 29 33 7 3 29 7
24 12 30 15 30 6 2 38 34 16 9 31 26 6 24 16 0 32 7
23 9 31 9 24 0 0 27 8 28 33 12 26 14 24 24 0 8 7
30 6 37 8 33 3 6 34 23 27 25 15 10 18 30 5 0 28 7
28 4 33 7 28 4 2 34 21 24 22 14 18 14 34 6 0 32 7
26 6 24 16 16 0 0 18 0 27 23 13 4 28 34 6 0 16 7
21 11 23 17 24 0 0 27 0 36 33 12 9 31 35 13 0 8 7
26 10 26 19 24 3 0 30 1 39 36 14 12 28 37 11 0 8 7
30 2 35 5 32 0 3 33 20 25 24 12 11 21 37 3 0 32 7
38 2 41 7 23 1 5 22 7 29 36 9 24 16 29 19 0 24 7
20 25 37 17 27 0 0 30 3 37 47 3 12 23 37 5 0 21 7
17 19 26 19 36 0 0 40 24 26 27 13 10 18 35 0 0 28 7
27 23 39 21 38 2 1 43 25 30 26 40 38 10 13 43 0 16 7
25 25 38 22 35 5 0 44 16 39 31 35 41 13 19 44 0 18 7
40 10 41 19 40 0 0 44 14 41 44 22 42 18 28 42 0 20 7
26 6 31 9 24 0 0 27 7 29 31 14 21 14 19 23 0 7 7
14 18 24 16 23 1 0 27 8 28 28 17 19 16 24 18 0 7 7
38 34 60 24 57 3 0 65 35 43 53 38 45 32 50 38 0 33 7
62 29 93 11 69 9 1 83 66 32 51 61 74 22 57 51 0 48 7
78 26 109 8 68 10 0 84 50 48 64 48 61 43 71 46 0 78 7
57 15 72 12 69 3 5 73 65 26 45 33 44 22 61 16 0 66 7
62 15 80 8 50 5 2 58 14 58 59 25 40 37 49 39 0 55 7
55 17 68 16 71 1 1 77 54 37 47 31 33 27 61 9 0 60 7
62 10 76 8 50 10 3 62 31 47 68 23 40 30 53 27 0 30 7
56 16 69 15 64 8 5 73 57 34 37 41 36 30 63 14 0 66 7
58 20 61 30 77 1 1 83 53 45 41 43 47 25 61 23 0 72 7
48 56 87 30 87 4 0 98 53 59 64 62 74 34 46 74 0 60 7
59 19 49 42 60 5 0 70 32 52 42 56 57 20 22 66 0 33 7
67 17 93 3 67 5 0 78 56 35 60 44 51 37 59 40 0 44 7
50 16 65 12 65 1 5 67 53 31 32 40 46 20 52 25 0 66 7
70 14 86 10 55 5 3 62 28 50 79 12 44 33 70 18 0 55 7
62 22 85 11 68 4 0 78 34 57 75 29 21 67 68 31 0 44 7
56 40 96 12 69 3 19 59 37 54 74 30 38 50 56 43 0 66 7
66 18 88 8 75 9 11 80 74 30 66 25 27 57 91 5 6 78 7
71 33 95 22 72 6 0 84 36 62 96 16 57 47 97 20 0 78 7
69 22 87 17 87 4 0 98 67 45 54 44 44 47 93 11 3 88 7
79 5 81 15 60 0 12 53 20 58 79 12 24 53 71 17 0 55 7
66 18 86 10 58 2 0 65 25 53 75 16 38 32 59 21 0 50 7
70 8 76 15 51 1 1 55 9 61 79 5 16 50 71 6 0 44 7
14 18 28 12 20 4 17 10 33 3 40 5 29 6 30 12 5 2 8
31 1 31 9 16 0 15 3 27 0 24 12 24 4 17 18 14 0 8
27 18 48 6 36 9 37 13 55 5 50 0 27 13 42 6 38 2 8
22 14 35 10 24 12 28 12 37 13 37 3 21 15 30 15 29 7 8
27 18 28 26 20 16 34 6 34 16 49 11 37 17 31 32 17 1 8
35 15 25 35 21 19 40 4 33 22 50 16 35 13 33 23 12 4 8
30 15 24 30 22 14 34 6 33 17 45 15 39 15 32 31 16 2 8
18 14 30 10 25 7 26 10 37 8 36 0 21 11 30 10 28 4 8
21 11 32 8 26 6 32 4 38 7 35 1 28 4 26 14 29 3 8
21 11 32 8 26 6 32 4 38 7 35 1 28 4 26 14 29 3 8
21 11 32 8 25 7 34 2 32 13 33 3 29 3 27 13 29 3 8
28 12 38 10 19 5 19 8 35 1 39 6 32 8 37 11 18 6 8
24 21 40 14 16 11 18 12 39 1 41 9 23 12 32 10 18 3 8
20 25 44 10 37 8 26 24 52 8 45 5 30 10 35 13 39 1 8
23 17 41 7 18 6 18 9 36 0 42 3 28 7 37 5 16 5 8
26 14 38 10 16 16 24 12 39 6 44 10 34 14 41 15 12 4 8
32 13 41 13 22 14 33 7 44 6 52 8 35 13 42 14 12 4 8
43 5 44 12 11 29 30 15 46 8 45 18 15 27 37 11 16 2 8
18 27 40 14 38 7 23 27 50 10 44 6 26 9 31 11 32 3 8
41 14 39 27 34 10 36 12 41 19 55 17 25 35 47 23 9 11 8
36 14 36 24 30 10 21 23 37 18 48 18 30 18 26 30 3 13 8
18 14 34 6 29 3 28 8 37 8 36 0 24 8 31 9 29 3 8
29 16 40 14 17 10 17 13 39 1 39 11 27 8 29 13 20 1 8
27 18 43 11 34 11 33 17 51 9 42 8 30 10 39 9 34 6 8
32 23 42 24 37 7 35 13 41 19 57 15 32 34 58 19 11 11 8
27 18 32 22 23 13 24 16 39 11 52 8 27 15 33 16 11 3 8
23 9 32 8 26 6 32 4 39 6 35 1 29 3 26 14 29 3 8
21 11 33 7 27 5 31 5 38 7 34 2 27 5 28 12 28 4 8
27 18 32 22 26 10 28 12 35 15 49 11 33 21 32 31 14 4 8
37 13 37 23 26 14 38 6 42 13 58 8 45 15 50 20 13 7 8
24 12 27 18 21 6 27 3 29 11 42 8 27 8 28 14 5 2 8
21 11 29 11 29 3 28 8 26 19 35 1 19 5 24 6 20 4 8
27 23 36 24 29 11 26 18 42 13 49 17 39 15 34 29 15 3 8
29 16 37 17 28 17 35 15 47 13 34 16 28 12 37 11 37 3 8
26 29 41 25 40 15 40 20 46 26 51 9 32 13 34 20 32 13 8
34 21 40 26 31 13 36 12 45 15 59 13 23 31 55 8 12 6 8
24 16 39 9 19 5 15 12 36 0 40 5 37 3 32 16 21 3 8
25 20 42 12 22 5 16 14 39 1 40 10 32 3 29 13 20 1 8
28 8 28 17 28 8 30 10 37 13 36 4 23 5 24 11 25 3 8
29 16 39 15 31 5 34 6 39 11 57 3 36 6 39 10 11 3 8
20 16 28 17 25 11 32 8 31 19 34 6 33 3 24 21 30 6 8
28 8 28 17 28 8 30 10 37 13 36 4 23 5 24 11 25 3 8
14 18 24 16 19 5 18 9 30 6 36 9 26 14 29 19 7 1 8
18 14 23 17 20 4 20 7 28 8 37 8 26 9 27 15 4 3 8
21 11 26 14 20 4 21 6 28 8 38 7 27 13 29 19 6 2 8
23 9 28 12 21 3 19 8 30 6 37 8 30 10 30 18 6 2 8
22 10 25 15 10 6 14 4 25 2 26 10 19 9 20 15 11 3 8
26 24 46 14 32 18 39 16 49 17 41 14 14 26 35 13 23 17 8
25 20 38 16 29 7 29 11 45 5 54 6 32 10 43 6 10 4 8
22 14 34 11 26 10 30 10 38 12 38 2 21 15 32 13 33 3 8
20 25 32 22 22 5 15 15 37 3 32 18 29 16 30 24 21 6 8
42 3 38 16 26 1 29 1 37 3 39 11 34 1 29 13 21 0 8
21 19 40 8 18 6 18 9 36 0 37 8 34 6 38 10 20 4 8
25 11 34 11 30 6 37 3 40 10 40 0 21 7 29 6 26 2 8
17 15 33 7 28 4 30 6 39 6 34 2 21 3 24 6 19 5 8
21 11 32 8 18 6 21 6 33 3 43 2 24 11 34 8 5 2 8
34 6 33 15 19 13 23 13 37 8 42 12 33 9 30 19 14 0 8
33 12 43 11 16 11 24 6 38 2 44 6 24 11 35 7 19 2 8
22 28 43 17 44 6 40 15 51 15 47 8 32 8 34 14 21 19 8
25 7 32 8 26 6 31 5 34 11 35 1 17 7 25 5 21 3 8
21 11 32 8 19 5 23 4 33 3 40 5 30 5 33 9 6 1 8
18 14 34 6 28 4 29 7 40 5 36 0 25 3 29 6 26 2 8
21 19 38 10 16 8 15 12 36 0 37 8 30 5 30 12 17 4 8
20 40 56 14 47 3 37 18 57 9 62 15 51 5 50 14 1 23 8
12 48 54 16 56 4 37 29 64 13 51 15 41 7 46 10 18 30 8
15 45 56 14 57 3 40 26 64 13 51 15 44 4 45 11 15 33 8
25 7 32 8 28 4 31 5 36 9 36 0 24 4 26 9 27 1 8
23 9 31 9 28 4 30 6 35 10 35 1 23 5 26 9 25 3 8
22 10 31 9 28 4 27 9 35 10 35 1 23 9 30 10 29 3 8
20 12 31 9 22 10 30 6 37 8 35 1 25 7 27 13 29 3 8
25 7 29 11 21 3 23 4 32 4 41 4 29 6 29 13 7 0 8
21 19 40 8 21 3 19 8 36 0 37 8 36 4 38 10 15 9 8
18 22 37 11 20 4 19 8 36 0 37 8 37 3 36 12 17 7 8
27 13 30 20 27 13 38 6 32 23 40 4 28 4 26 14 28 4 8
23 22 37 17 29 7 21 19 44 6 49 11 36 6 36 13 11 3 8
31 14 39 15 20 16 25 15 44 6 53 7 30 12 36 13 13 1 8
39 11 29 31 27 23 37 18 36 30 44 11 17 23 30 18 33 7 8
17 19 29 16 24 12 26 14 37 13 37 3 21 7 24 11 23 5 8
23 9 26 14 13 3 13 5 26 1 25 11 20 4 19 11 10 2 8
25 15 24 26 24 16 30 14 30 25 32 12 15 21 22 23 22 14 8
23 9 26 14 13 3 13 5 26 1 25 11 20 4 19 11 10 2 8
25 15 24 26 24 16 30 14 30 25 32 12 15 21 22 23 22 14 8
13 19 23 17 13 3 15 3 22 5 17 19 20 8 13 22 14 0 8
17 19 29 16 26 10 24 16 34 16 36 4 16 12 22 13 21 7 8
21 11 26 14 18 6 21 6 28 8 37 8 25 10 24 18 6 1 8
60 36 97 11 48 24 49 29 86 5 100 4 54 42 92 16 48 24 8
32 45 74 14 42 13 37 23 71 1 79 5 58 12 64 16 40 10 8
68 52 93 42 88 32 96 32 101 43 119 9 36 68 91 26 70 34 8
41 31 65 19 55 17 60 18 78 13 74 4 42 18 59 11 49 11 8
62 29 76 28 37 28 58 12 73 11 89 9 53 24 70 18 40 15 8
54 37 85 19 58 33 69 29 97 15 88 10 59 25 77 19 68 16 8
52 39 70 34 55 10 45 25 74 10 81 17 65 19 67 29 44 16 8
51 33 80 16 45 15 47 18 75 3 83 8 50 20 72 8 41 9 8
42 24 62 15 47 19 63 9 68 16 68 4 51 15 55 22 58 8 8
44 52 65 43 32 40 49 29 85 6 99 5 53 27 85 5 48 12 8
65 12 53 35 56 10 66 6 55 29 83 13 71 17 52 47 44 0 8
58 26 84 12 59 25 67 24 93 11 86 5 41 36 75 13 67 10 8
52 32 82 14 43 17 54 11 73 5 88 3 57 13 76 4 41 9 8
48 24 58 26 50 22 70 8 78 13 74 4 61 11 61 23 61 11 8
52 32 76 20 62 22 62 29 93 11 81 10 62 22 77 19 71 13 8
21 11 30 10 22 2 14 13 28 8 38 7 12 18 24 12 0 6 9
23 9 29 11 13 3 6 12 21 6 22 14 28 0 21 14 14 0 9
27 18 41 13 21 6 13 17 35 5 40 10 4 31 36 6 1 20 9
23 9 31 9 26 6 32 4 28 17 36 0 0 32 22 18 15 17 9
28 17 35 19 21 6 12 18 28 12 37 13 6 34 38 10 0 24 9
23 17 38 10 18 6 16 11 33 3 34 11 7 33 40 8 2 22 9
21 15 31 14 24 3 24 6 27 13 39 11 20 15 17 25 0 7 9
25 20 38 16 21 6 21 9 31 9 35 15 14 21 28 14 0 21 9
27 5 31 9 32 0 30 6 32 13 36 0 23 5 27 8 27 1 9
4 62 54 23 47 19 2 70 41 43 57 15 20 40 40 30 8 52 9
28 17 38 16 18 9 20 10 32 8 39 11 12 23 32 10 0 21 9
28 17 41 13 18 9 13 17 31 9 38 12 9 26 32 10 0 21 9
27 18 35 19 27 9 30 10 31 19 47 13 22 32 32 31 0 18 9
33 12 35 19 21 6 12 18 26 14 36 14 3 37 36 12 1 23 9
19 17 29 16 27 9 26 14 26 24 35 5 4 24 27 8 5 23 9
34 11 36 18 16 11 18 12 31 9 36 14 10 25 34 8 0 21 9
20 12 32 8 28 4 24 12 36 9 34 2 4 28 33 7 4 28 9
25 20 43 11 19 8 12 18 31 9 45 5 24 11 31 11 0 21 9
22 18 38 10 14 10 20 7 32 4 30 15 2 38 34 14 4 20 9
25 11 34 11 30 6 28 12 34 16 38 2 8 28 39 6 4 32 9
20 12 32 8 24 8 28 8 31 14 34 2 5 27 33 7 4 28 9
21 11 31 9 21 11 32 4 26 19 35 1 6 26 35 5 5 27 9
31 14 39 15 22 5 21 9 31 9 40 10 6 29 32 10 1 20 9
24 21 40 14 19 8 16 14 31 9 35 15 4 41 42 12 3 24 9
24 21 39 15 22 5 16 14 34 6 40 10 11 24 35 7 0 21 9
27 9 33 12 29 7 27 13 33 17 38 2 2 30 30 10 6 26 9
30 10 36 12 14 10 20 7 31 5 37 8 2 33 31 11 4 17 9
33 12 41 13 26 10 24 16 40 10 51 9 19 23 35 14 0 14 9
25 20 35 19 28 8 25 15 31 19 45 15 17 31 34 22 0 16 9
29 21 34 26 29 11 23 21 30 25 50 16 14 46 44 26 0 20 9
25 25 34 26 25 15 21 23 35 20 46 20 17 37 37 26 0 18 9
31 14 32 22 22 5 15 15 24 16 42 8 8 32 38 10 0 24 9
21 11 31 9 15 9 24 3 27 9 42 3 5 25 28 8 0 6 9
38 12 35 25 24 16 13 31 29 26 55 11 6 42 43 13 0 16 9
40 10 34 26 24 16 14 30 28 27 55 11 8 40 43 13 0 16 9
26 10 32 13 18 9 17 13 28 12 44 6 15 20 29 13 0 7 9
30 15 31 23 20 7 19 11 28 12 34 16 9 31 35 13 0 24 9
23 13 28 17 22 14 24 16 25 25 32 8 3 29 29 11 2 30 9
22 14 26 19 22 14 19 21 26 24 32 8 3 25 27 8 2 26 9
16 8 21 11 17 7 13 14 22 14 23 4 0 18 8 16 5 13 9
17 19 25 20 13 5 8 12 22 8 25 15 9 19 24 11 0 14 9
20 12 27 13 13 3 12 6 21 6 18 18 6 26 29 11 1 15 9
20 12 27 13 11 5 7 11 18 9 24 12 1 23 20 10 0 12 9
18 6 22 10 18 6 21 6 23 13 23 4 0 18 15 9 1 17 9
18 14 17 23 16 16 13 23 27 18 25 11 7 21 25 10 0 28 9
13 14 18 18 9 9 9 11 17 13 25 15 14 14 22 13 0 0 9
19 17 21 24 14 4 11 9 16 14 22 18 3 25 23 12 0 14 9
18 9 23 13 17 10 21 9 21 19 16 14 0 24 14 18 11 13 9
20 12 33 7 25 7 27 9 33 12 34 2 5 27 34 6 7 25 9
20 12 33 7 26 6 28 8 35 10 35 1 6 22 32 3 5 23 9
18 42 58 12 29 11 3 41 31 24 58 8 21 27 37 19 0 32 9
40 15 43 23 42 2 25 23 34 26 67 5 44 10 53 10 10 8 9
28 12 29 19 18 6 20 7 31 5 28 17 6 34 36 12 1 23 9
36 14 40 20 21 9 21 12 30 14 42 13 16 24 29 19 0 24 9
22 10 33 7 26 6 29 7 33 12 35 1 6 26 33 7 6 26 9
34 11 37 17 21 6 24 6 35 5 38 12 5 35 37 11 4 20 9
30 15 40 14 33 12 39 11 41 19 48 2 2 38 35 13 10 30 9
34 11 41 13 26 10 32 8 36 14 54 6 7 41 44 12 1 15 9
28 12 37 11 24 8 21 15 35 10 48 6 8 40 44 12 0 16 9
22 10 32 8 25 7 32 4 30 15 35 1 4 24 32 3 5 23 9
14 18 33 7 26 6 23 13 38 7 33 3 8 20 28 7 2 26 9
17 15 32 8 18 6 23 4 30 6 41 4 23 12 28 14 0 7 9
20 12 33 7 27 5 30 6 34 11 34 2 12 16 30 5 2 26 9
25 7 31 9 25 7 29 7 32 13 34 2 8 24 34 6 4 28 9
21 11 34 6 29 3 33 3 34 11 34 2 16 16 36 4 3 29 9
32 13 35 19 17 10 18 12 28 12 38 12 11 29 37 11 0 24 9
24 12 23 22 22 14 20 20 27 23 30 10 6 26 30 10 1 31 9
26 10 26 19 26 10 21 19 28 22 31 9 6 26 30 10 1 31 9
24 12 23 22 23 13 25 15 25 25 31 9 2 30 27 13 4 28 9
20 16 29 16 22 5 24 6 29 11 41 9 5 35 28 20 0 8 9
18 14 23 17 16 8 16 11 19 17 34 11 1 29 22 14 0 6 9
20 12 27 13 16 8 15 12 23 13 34 11 4 36 32 16 0 8 9
29 21 45 15 31 9 31 13 44 11 57 9 24 30 47 16 0 18 9
23 13 32 13 27 9 31 9 34 16 40 0 0 28 21 14 13 15 9
21 11 30 10 18 6 21 6 28 8 35 10 19 16 27 15 0 7 9
22 14 32 13 30 6 24 16 36 14 36 4 3 25 28 7 2 26 9
22 10 28 12 19 5 21 6 27 9 39 6 7 23 22 14 0 6 9
15 17 28 12 22 10 27 9 29 16 35 1 0 32 21 19 12 20 9
18 14 26 14 21 3 20 7 30 6 37 8 13 17 24 12 0 6 9
23 9 29 11 25 7 33 3 27 18 32 4 13 19 32 8 1 31 9
30 15 40 14 21 6 21 9 34 6 42 8 22 23 37 17 0 27 9
37 47 78 18 50 34 65 26 86 18 85 6 23 61 87 9 12 72 9
81 39 92 43 73 17 30 66 81 31 110 18 17 103 77 58 1 89 9
65 26 57 47 52 26 40 44 64 34 75 37 16 72 59 40 0 44 9
40 26 67 10 53 13 52 20 68 16 64 8 16 50 67 10 7 59 9
68 20 84 15 38 28 42 30 69 15 91 5 31 57 69 30 61 5 9
66 11 76 12 54 23 65 19 79 17 84 0 35 42 65 23 74 3 9
55 22 71 17 57 20 64 20 74 22 84 0 34 43 58 30 76 1 9
63 35 80 32 74 24 48 57 99 21 72 33 50 34 65 31 0 84 9
65 33 81 31 74 24 46 59 99 21 68 37 50 34 64 32 0 84 9
61 30 69 35 42 23 35 35 60 24 90 8 15 69 79 17 1 59 9
44 22 61 16 55 11 61 11 65 19 61 11 29 31 61 9 3 57 9
60 24 84 12 43 17 48 17 69 9 88 3 25 45 70 10 2 48 9
56 21 43 45 61 5 39 33 43 41 82 14 45 43 46 53 43 1 9
59 25 82 14 44 16 39 26 71 7 84 7 15 55 64 16 2 48 9
53 24 75 13 34 21 36 24 56 16 78 6 8 69 79 9 6 49 9
48 18 61 16 45 21 49 23 65 19 65 7 5 61 65 12 16 50 9
59 25 78 18 42 18 39 26 67 11 80 11 35 35 70 10 0 50 9
55 23 65 26 57 21 44 40 79 19 59 25 35 31 56 21 0 66 9
58 26 72 24 37 23 52 13 62 16 83 8 6 71 71 17 21 34 9
