254 152 0
243 192 0
276 252 0
214 178 0
215 71 0
262 143 0
265 125 0
277 128 0
227 124 0
225 167 0
225 167 0
178 172 0
210 128 0
225 87 0
210 128 0
225 87 0
222 103 0
248 116 0
240 138 0
250 170 0
263 157 0
194 128 0
252 112 0
194 118 0
256 108 0
294 138 0
249 141 0
235 116 0
235 90 0
296 200 0
281 109 0
225 87 0
210 102 0
275 269 0
210 98 0
268 122 0
264 100 0
303 102 0
258 120 0
250 100 0
266 139 0
257 148 0
204 134 0
221 104 0
258 162 0
224 88 0
235 185 0
170 94 0
268 122 0
268 137 0
265 141 0
275 201 0
244 120 0
221 104 0
195 117 0
251 141 0
214 124 0
229 135 0
232 160 0
222 114 0
174 114 0
214 124 0
229 135 0
209 116 0
168 120 0
162 113 0
156 132 0
152 112 0
166 122 0
184 180 0
281 139 0
242 122 0
234 91 0
281 139 0
230 162 0
229 96 0
258 117 0
314 166 0
665 255 0
563 157 0
557 163 0
505 175 0
573 175 0
528 186 0
495 170 0
556 144 0
552 306 0
562 274 0
517 302 0
588 273 0
631 249 0
435 285 0
432 288 0
509 151 0
660 176 0
538 142 0
592 143 0
651 273 0
653 307 0
610 248 0
130 73 1
137 95 1
108 36 1
136 88 1
102 36 1
148 60 1
119 70 1
105 51 1
99 45 1
105 51 1
99 45 1
97 59 1
106 44 1
99 45 1
143 100 1
143 81 1
145 95 1
138 132 1
135 135 1
112 77 1
112 77 1
128 88 1
111 57 1
130 73 1
108 100 1
108 36 1
126 49 1
125 57 1
124 65 1
112 50 1
129 105 1
91 71 1
93 42 1
129 141 1
117 79 1
92 64 1
105 63 1
138 51 1
142 66 1
106 44 1
113 43 1
155 125 1
158 227 1
111 63 1
130 113 1
172 202 1
127 69 1
113 62 1
119 115 1
74 51 1
119 115 1
64 66 1
55 33 1
71 39 1
144 18 1
144 18 1
102 73 1
168 107 1
93 63 1
125 64 1
127 98 1
121 104 1
130 95 1
101 37 1
148 60 1
102 42 1
189 72 1
124 76 1
125 75 1
96 48 1
124 58 1
160 110 1
110 40 1
111 39 1
120 48 1
125 50 1
154 116 1
127 62 1
110 34 1
111 39 1
160 90 1
94 50 1
136 150 1
282 114 1
299 181 1
239 124 1
309 146 1
276 109 1
261 179 1
173 47 1
256 118 1
425 177 1
293 127 1
319 121 1
317 125 1
278 130 1
238 158 1
263 145 1
352 236 1
328 212 1
260 118 2
215 121 2
244 191 2
229 135 2
223 155 2
174 151 2
197 141 2
226 177 2
240 176 2
226 177 2
240 176 2
237 113 2
279 156 2
195 105 2
236 124 2
229 135 2
246 146 2
260 205 2
221 239 2
172 140 2
179 133 2
201 219 2
173 139 2
280 200 2
203 148 2
277 250 2
167 158 2
221 171 2
216 134 2
193 83 2
269 243 2
211 139 2
250 114 2
276 204 2
188 137 2
209 155 2
193 119 2
220 185 2
154 99 2
247 218 2
236 199 2
230 162 2
227 253 2
177 148 2
176 110 2
227 133 2
197 115 2
138 138 2
329 247 2
244 161 2
329 247 2
186 152 2
211 125 2
255 289 2
233 117 2
214 137 2
250 170 2
237 138 2
186 78 2
239 225 2
259 131 2
218 107 2
248 142 2
262 218 2
320 192 2
212 100 2
255 109 2
188 100 2
223 89 2
262 158 2
194 222 2
215 214 2
213 177 2
242 163 2
231 107 2
237 127 2
182 182 2
161 151 2
137 127 2
215 249 2
245 349 2
160 128 2
208 130 2
203 135 2
185 140 2
271 194 2
521 199 2
517 239 2
455 210 2
504 231 2
492 348 2
572 418 2
473 355 2
500 200 2
426 277 2
490 175 2
592 185 2
405 393 2
456 363 2
366 334 2
245 175 3
211 127 3
299 213 3
208 156 3
208 156 3
241 123 3
197 115 3
213 112 3
241 123 3
197 115 3
213 112 3
201 137 3
213 151 3
238 98 3
228 164 3
218 178 3
215 175 3
204 95 3
223 212 3
224 168 3
230 148 3
221 143 3
229 135 3
236 154 3
218 107 3
232 174 3
249 167 3
212 139 3
254 211 3
169 156 3
165 123 3
308 252 3
213 165 3
151 102 3
225 125 3
174 114 3
183 129 3
251 169 3
168 108 3
203 157 3
185 179 3
175 163 3
260 220 3
258 177 3
166 120 3
180 145 3
177 161 3
225 111 3
226 124 3
186 102 3
273 161 3
253 152 3
260 145 3
232 118 3
264 100 3
200 112 3
221 169 3
175 78 3
204 121 3
224 126 3
238 168 3
238 168 3
203 147 3
198 127 3
191 173 3
219 93 3
274 176 3
191 173 3
329 147 3
217 95 3
329 147 3
261 117 3
242 136 3
214 98 3
240 152 3
207 118 3
218 198 3
231 228 3
190 110 3
206 154 3
199 101 3
246 104 3
257 93 3
220 209 3
275 102 3
229 161 3
166 122 3
167 133 3
532 356 3
424 298 3
462 238 3
491 209 3
448 179 3
548 280 3
484 272 3
413 267 3
519 216 3
492 476 3
406 314 3
453 339 3
172 150 4
285 179 4
175 245 4
216 148 4
192 185 4
192 185 4
237 205 4
237 205 4
189 136 4
210 140 4
230 229 4
266 278 4
234 186 4
209 155 4
197 153 4
265 199 4
186 114 4
186 114 4
194 181 4
175 98 4
225 223 4
158 167 4
200 220 4
224 303 4
187 218 4
185 165 4
235 185 4
189 136 4
222 168 4
212 193 4
224 126 4
233 263 4
217 173 4
180 142 4
181 155 4
253 179 4
274 219 4
205 200 4
157 179 4
159 177 4
169 167 4
180 108 4
124 118 4
117 143 4
178 98 4
228 177 4
219 117 4
200 136 4
205 120 4
186 126 4
186 178 4
245 175 4
280 296 4
202 148 4
207 168 4
202 148 4
185 165 4
194 170 4
153 159 4
133 179 4
124 151 4
160 215 4
153 146 4
127 149 4
184 236 4
205 275 4
151 149 4
135 141 4
179 255 4
104 138 4
105 148 4
122 142 4
129 159 4
191 145 4
181 169 4
213 151 4
251 245 4
198 127 4
171 141 4
217 188 4
270 194 4
205 227 4
236 223 4
198 140 4
181 118 4
203 133 4
210 126 4
217 215 4
192 158 4
203 261 4
196 116 4
199 139 4
246 146 4
250 155 4
161 151 4
274 426 4
222 183 4
560 430 4
476 272 4
471 321 4
245 93 5
261 64 5
259 144 5
242 94 5
267 125 5
248 130 5
257 121 5
214 86 5
225 139 5
304 131 5
298 137 5
221 79 5
221 143 5
221 143 5
226 112 5
225 113 5
247 131 5
224 101 5
224 101 5
255 182 5
236 169 5
243 82 5
305 130 5
289 103 5
193 132 5
232 146 5
237 127 5
287 145 5
245 175 5
262 158 5
253 167 5
210 126 5
264 74 5
245 105 5
252 138 5
229 71 5
250 170 5
217 71 5
227 111 5
198 90 5
201 85 5
199 87 5
310 140 5
166 194 5
157 107 5
212 112 5
249 87 5
230 162 5
239 73 5
256 94 5
209 116 5
309 126 5
305 130 5
216 120 5
226 99 5
226 99 5
250 100 5
225 87 5
304 112 5
296 94 5
245 80 5
214 124 5
231 57 5
221 91 5
256 164 5
245 147 5
335 177 5
257 94 5
226 86 5
217 133 5
245 105 5
290 130 5
240 85 5
202 123 5
204 121 5
201 149 5
202 136 5
193 143 5
184 104 5
188 88 5
225 139 5
165 88 5
605 297 5
602 256 5
487 273 5
471 348 5
577 143 5
540 144 5
494 152 5
500 180 5
549 131 5
507 275 5
524 176 5
566 253 5
493 284 5
508 227 5
486 214 5
558 162 5
471 232 5
457 263 5
196 116 6
211 140 6
242 148 6
218 160 6
209 103 6
208 142 6
212 152 6
212 152 6
192 133 6
211 139 6
192 133 6
211 139 6
197 167 6
218 132 6
198 114 6
201 124 6
251 37 6
240 138 6
220 116 6
212 133 6
222 128 6
200 125 6
231 147 6
210 128 6
203 96 6
224 101 6
202 136 6
203 122 6
226 138 6
200 125 6
202 110 6
206 119 6
206 119 6
220 144 6
205 120 6
256 134 6
209 155 6
258 132 6
208 104 6
176 132 6
207 131 6
205 107 6
238 182 6
216 148 6
179 121 6
182 106 6
195 117 6
164 112 6
184 167 6
215 110 6
221 129 6
273 117 6
230 134 6
240 138 6
234 130 6
246 160 6
205 159 6
169 95 6
233 131 6
244 148 6
203 147 6
286 89 6
169 155 6
195 130 6
203 122 6
229 121 6
190 98 6
195 93 6
202 110 6
206 106 6
306 71 6
323 83 6
244 146 6
294 216 6
297 151 6
303 145 6
326 150 6
297 151 6
303 145 6
326 150 6
252 86 6
216 122 6
242 108 6
212 100 6
201 111 6
203 135 6
234 116 6
160 128 6
217 121 6
172 116 6
248 172 6
181 157 6
497 238 6
516 204 6
605 451 6
420 226 6
445 275 6
447 293 6
446 294 6
465 235 6
182 224 7
213 192 7
200 178 7
181 157 7
189 149 7
165 160 7
185 153 7
170 130 7
185 153 7
170 130 7
168 120 7
178 147 7
158 130 7
184 141 7
186 152 7
186 152 7
201 219 7
234 216 7
167 171 7
160 140 7
187 151 7
216 190 7
225 195 7
182 143 7
167 145 7
156 182 7
202 149 7
170 142 7
186 139 7
174 138 7
168 131 7
176 216 7
169 155 7
229 233 7
206 172 7
186 139 7
155 157 7
205 201 7
180 158 7
167 133 7
185 207 7
200 206 7
197 180 7
208 198 7
173 139 7
258 342 7
164 136 7
181 169 7
152 148 7
160 152 7
108 122 7
142 170 7
89 197 7
119 134 7
142 194 7
184 141 7
152 136 7
186 138 7
180 132 7
180 145 7
173 115 7
196 129 7
179 172 7
170 130 7
193 145 7
187 138 7
142 133 7
143 157 7
159 165 7
193 132 7
196 154 7
192 172 7
186 152 7
213 222 7
206 244 7
250 215 7
161 127 7
145 143 7
345 303 7
478 341 7
504 416 7
418 266 7
355 325 7
397 268 7
384 246 7
385 299 7
403 338 7
464 472 7
331 353 7
455 301 7
367 279 7
436 284 7
415 341 7
435 393 7
499 315 7
534 386 7
509 371 7
418 302 7
415 285 7
386 260 7
212 76 8
218 46 8
361 71 8
252 112 8
278 142 8
282 153 8
275 145 8
243 82 8
262 63 8
262 63 8
259 66 8
279 71 8
262 102 8
323 109 8
276 60 8
274 101 8
309 96 8
281 133 8
295 121 8
319 176 8
254 181 8
260 65 8
268 96 8
333 99 8
338 172 8
264 126 8
266 59 8
261 64 8
273 147 8
339 126 8
224 88 8
222 77 8
291 159 8
311 121 8
331 181 8
336 144 8
278 72 8
283 81 8
249 89 8
314 76 8
246 118 8
249 89 8
205 95 8
200 88 8
213 87 8
219 81 8
187 77 8
307 157 8
302 88 8
266 98 8
253 139 8
311 53 8
280 70 8
276 62 8
246 53 8
229 59 8
263 97 8
287 77 8
328 136 8
243 56 8
232 56 8
263 49 8
252 84 8
379 143 8
378 173 8
385 166 8
256 56 8
249 63 8
251 74 8
249 76 8
234 54 8
279 71 8
276 74 8
263 114 8
281 109 8
286 104 8
282 182 8
228 110 8
188 65 8
220 170 8
188 65 8
220 170 8
165 99 8
215 123 8
202 86 8
642 209 8
516 144 8
759 341 8
521 144 8
574 186 8
655 203 8
567 213 8
566 134 8
512 134 8
580 225 8
543 171 8
628 164 8
587 113 8
562 141 8
636 178 8
179 97 9
191 73 9
234 130 9
213 112 9
215 163 9
226 124 9
192 120 9
217 147 9
256 56 9
283 344 9
225 139 9
217 147 9
235 185 9
215 163 9
194 144 9
222 142 9
210 115 9
236 128 9
212 138 9
236 128 9
204 121 9
210 115 9
235 129 9
232 160 9
235 129 9
224 127 9
219 117 9
258 132 9
225 180 9
239 226 9
226 224 9
223 155 9
184 92 9
234 201 9
236 199 9
199 113 9
211 167 9
180 171 9
173 165 9
129 101 9
155 131 9
162 113 9
143 110 9
137 93 9
142 170 9
122 112 9
142 144 9
145 125 9
213 112 9
216 96 9
261 232 9
352 128 9
206 144 9
238 168 9
218 107 9
251 127 9
273 159 9
267 138 9
235 140 9
215 97 9
200 112 9
200 88 9
217 95 9
216 109 9
233 92 9
220 158 9
178 173 9
188 163 9
184 167 9
191 133 9
144 132 9
162 138 9
294 156 9
221 117 9
189 99 9
208 130 9
176 100 9
193 132 9
178 98 9
208 117 9
248 144 9
518 296 9
566 492 9
407 391 9
428 218 9
564 218 9
590 158 9
570 178 9
534 368 9
530 372 9
463 317 9
430 197 9
496 204 9
455 259 9
469 231 9
433 247 9
421 225 9
472 228 9
439 283 9
486 234 9
